#usda 1.0
(
    metersPerUnit = 1
    upAxis = "Z"
)

def "World"
{
    def Xform "Plant_1"
    {
        def Xform "Stem"
        {
            def Cylinder "Internode_r0" (
                prepend apiSchemas = ["PhysicsRigidBodyAPI", "PhysicsMassAPI", "PhysicsCollisionAPI"]
            )
            {
                uniform token axis = "Z"
                double height = 0.009268469
                rel material:binding = </World/Plant_1/Materials/Stem>
                float physics:mass = 0.00027164095
                double radius = 0.00321956669808575
                matrix4d xformOp:transform = ( (1, 0, 0, 0), (0, 1, 0, 0), (0, 0, 1, 0), (0, 0, 0.0046342345, 1) )
                uniform token[] xformOpOrder = ["xformOp:transform"]
            }

            def Cylinder "Internode_r1" (
                prepend apiSchemas = ["PhysicsRigidBodyAPI", "PhysicsMassAPI", "PhysicsCollisionAPI"]
            )
            {
                uniform token axis = "Z"
                double height = 0.010035751
                rel material:binding = </World/Plant_1/Materials/Stem>
                float physics:mass = 0.00031688114
                double radius = 0.00334177399222325
                matrix4d xformOp:transform = ( (1, 0, 0, 0), (0, 1, 0, 0), (0, 0, 1, 0), (0, 0, 0.033636295499999996, 1) )
                uniform token[] xformOpOrder = ["xformOp:transform"]
            }

            def Cylinder "Internode_r2" (
                prepend apiSchemas = ["PhysicsRigidBodyAPI", "PhysicsMassAPI", "PhysicsCollisionAPI"]
            )
            {
                uniform token axis = "Z"
                double height = 0.016825004
                rel material:binding = </World/Plant_1/Materials/Stem>
                float physics:mass = 0.00086203986
                double radius = 0.0042568651546112
                matrix4d xformOp:transform = ( (1, 0, 0, 0), (0, 1, 0, 0), (0, 0, 1, 0), (0, 0, 0.063105705, 1) )
                uniform token[] xformOpOrder = ["xformOp:transform"]
            }

            def Cylinder "Internode_r3" (
                prepend apiSchemas = ["PhysicsRigidBodyAPI", "PhysicsMassAPI", "PhysicsCollisionAPI"]
            )
            {
                uniform token axis = "Z"
                double height = 0.016922036
                rel material:binding = </World/Plant_1/Materials/Stem>
                float physics:mass = 0.0008716948
                double radius = 0.00426834715371355
                matrix4d xformOp:transform = ( (1, 0, 0, 0), (0, 1, 0, 0), (0, 0, 1, 0), (0, 0, 0.079979225, 1) )
                uniform token[] xformOpOrder = ["xformOp:transform"]
            }

            def Cylinder "Internode_r4" (
                prepend apiSchemas = ["PhysicsRigidBodyAPI", "PhysicsMassAPI", "PhysicsCollisionAPI"]
            )
            {
                uniform token axis = "Z"
                double height = 0.016329734
                rel material:binding = </World/Plant_1/Materials/Stem>
                float physics:mass = 0.00081357046
                double radius = 0.00419770428228965
                matrix4d xformOp:transform = ( (1, 0, 0, 0), (0, 1, 0, 0), (0, 0, 1, 0), (0, 0, 0.09660511, 1) )
                uniform token[] xformOpOrder = ["xformOp:transform"]
            }

            def Cylinder "Internode_r5" (
                prepend apiSchemas = ["PhysicsRigidBodyAPI", "PhysicsMassAPI", "PhysicsCollisionAPI"]
            )
            {
                uniform token axis = "Z"
                double height = 0.015278612
                rel material:binding = </World/Plant_1/Materials/Stem>
                float physics:mass = 0.00071520504
                double radius = 0.0040689011829778
                matrix4d xformOp:transform = ( (1, 0, 0, 0), (0, 1, 0, 0), (0, 0, 1, 0), (0, 0, 0.112409283, 1) )
                uniform token[] xformOpOrder = ["xformOp:transform"]
            }

            def Cylinder "Internode_r6" (
                prepend apiSchemas = ["PhysicsRigidBodyAPI", "PhysicsMassAPI", "PhysicsCollisionAPI"]
            )
            {
                uniform token axis = "Z"
                double height = 0.031820413
                rel material:binding = </World/Plant_1/Materials/Stem>
                float physics:mass = 0.0013603277
                double radius = 0.00388841560915925
                matrix4d xformOp:transform = ( (1, 0, 0, 0), (0, 1, 0, 0), (0, 0, 1, 0), (0, 0, 0.1359587955, 1) )
                uniform token[] xformOpOrder = ["xformOp:transform"]
            }

            def Cylinder "Internode_r7" (
                prepend apiSchemas = ["PhysicsRigidBodyAPI", "PhysicsMassAPI", "PhysicsCollisionAPI"]
            )
            {
                uniform token axis = "Z"
                double height = 0.026539747
                rel material:binding = </World/Plant_1/Materials/Stem>
                float physics:mass = 0.00093960884
                double radius = 0.00353857962761135
                matrix4d xformOp:transform = ( (1, 0, 0, 0), (0, 1, 0, 0), (0, 0, 1, 0), (0, 0, 0.1651388755, 1) )
                uniform token[] xformOpOrder = ["xformOp:transform"]
            }

            def Cylinder "Internode_r8" (
                prepend apiSchemas = ["PhysicsRigidBodyAPI", "PhysicsMassAPI", "PhysicsCollisionAPI"]
            )
            {
                uniform token axis = "Z"
                double height = 0.012889969
                rel material:binding = </World/Plant_1/Materials/Stem>
                float physics:mass = 0.0002154795
                double radius = 0.0024315368033847
                matrix4d xformOp:transform = ( (1, 0, 0, 0), (0, 1, 0, 0), (0, 0, 1, 0), (0, 0, 0.1848537335, 1) )
                uniform token[] xformOpOrder = ["xformOp:transform"]
            }
        }

        def Xform "Roots"
        {
            def Sphere "Root"
            {
                rel material:binding = </World/Plant_1/Materials/Root>
                double radius = 0.005
                matrix4d xformOp:transform = ( (1, 0, 0, 0), (0, 1, 0, 0), (0, 0, 1, 0), (0, 0, -0.005, 1) )
                uniform token[] xformOpOrder = ["xformOp:transform"]
            }
        }

        def Xform "Materials"
        {
            def Material "Stem"
            {
                token outputs:surface.connect = </World/Plant_1/Materials/Stem/Shader.outputs:surface>

                def Shader "Shader"
                {
                    uniform token info:id = "UsdPreviewSurface"
                    color3f inputs:diffuseColor = (0.45, 0.3, 0.1)
                    float inputs:metallic = 0
                    float inputs:roughness = 0.6
                    token outputs:surface
                }
            }

            def Material "Root"
            {
                token outputs:surface.connect = </World/Plant_1/Materials/Root/Shader.outputs:surface>

                def Shader "Shader"
                {
                    uniform token info:id = "UsdPreviewSurface"
                    color3f inputs:diffuseColor = (0.55, 0.35, 0.15)
                    float inputs:metallic = 0
                    float inputs:roughness = 0.6
                    token outputs:surface
                }
            }

            def Material "Leaf"
            {
                token outputs:surface.connect = </World/Plant_1/Materials/Leaf/Shader.outputs:surface>

                def Shader "Shader"
                {
                    uniform token info:id = "UsdPreviewSurface"
                    color3f inputs:diffuseColor = (0.15, 0.55, 0.1)
                    float inputs:metallic = 0
                    float inputs:roughness = 0.6
                    token outputs:surface
                }
            }

            def Material "Pedicel"
            {
                token outputs:surface.connect = </World/Plant_1/Materials/Pedicel/Shader.outputs:surface>

                def Shader "Shader"
                {
                    uniform token info:id = "UsdPreviewSurface"
                    color3f inputs:diffuseColor = (0.2, 0.5, 0.1)
                    float inputs:metallic = 0
                    float inputs:roughness = 0.6
                    token outputs:surface
                }
            }

            def Material "Fruit"
            {
                token outputs:surface.connect = </World/Plant_1/Materials/Fruit/Shader.outputs:surface>

                def Shader "Shader"
                {
                    uniform token info:id = "UsdPreviewSurface"
                    color3f inputs:diffuseColor = (0.9, 0.15, 0.05)
                    float inputs:metallic = 0
                    float inputs:roughness = 0.6
                    token outputs:surface
                }
            }
        }

        def Xform "Joints"
        {
            def PhysicsFixedJoint "GroundAnchor"
            {
                rel physics:body1 = </World/Plant_1/Stem/Internode_r0>
            }

            def PhysicsSphericalJoint "Joint_r1" (
                prepend apiSchemas = ["PhysicsDriveAPI:rotX", "PhysicsDriveAPI:rotY"]
            )
            {
                float drive:rotX:physics:damping = 50
                float drive:rotX:physics:stiffness = 680
                float drive:rotX:physics:targetPosition = 0
                uniform token drive:rotX:physics:type = "force"
                float drive:rotY:physics:damping = 50
                float drive:rotY:physics:stiffness = 680
                float drive:rotY:physics:targetPosition = 0
                uniform token drive:rotY:physics:type = "force"
                rel physics:body0 = </World/Plant_1/Stem/Internode_r1>
                rel physics:body1 = </World/Plant_1/Stem/Internode_r1>
                float physics:coneAngle0Limit = 25
                float physics:coneAngle1Limit = 25
                point3f physics:localPos0 = (0, 0, 0.009674976)
                point3f physics:localPos1 = (0, 0, 0)
            }

            def PhysicsSphericalJoint "Joint_r2" (
                prepend apiSchemas = ["PhysicsDriveAPI:rotX", "PhysicsDriveAPI:rotY"]
            )
            {
                float drive:rotX:physics:damping = 50
                float drive:rotX:physics:stiffness = 560
                float drive:rotX:physics:targetPosition = 0
                uniform token drive:rotX:physics:type = "force"
                float drive:rotY:physics:damping = 50
                float drive:rotY:physics:stiffness = 560
                float drive:rotY:physics:targetPosition = 0
                uniform token drive:rotY:physics:type = "force"
                rel physics:body0 = </World/Plant_1/Stem/Internode_r2>
                rel physics:body1 = </World/Plant_1/Stem/Internode_r2>
                float physics:coneAngle0Limit = 25
                float physics:coneAngle1Limit = 25
                point3f physics:localPos0 = (0, 0, 0.008019516)
                point3f physics:localPos1 = (0, 0, 0)
            }

            def PhysicsSphericalJoint "Joint_r3" (
                prepend apiSchemas = ["PhysicsDriveAPI:rotX", "PhysicsDriveAPI:rotY"]
            )
            {
                float drive:rotX:physics:damping = 50
                float drive:rotX:physics:stiffness = 500
                float drive:rotX:physics:targetPosition = 0
                uniform token drive:rotX:physics:type = "force"
                float drive:rotY:physics:damping = 50
                float drive:rotY:physics:stiffness = 500
                float drive:rotY:physics:targetPosition = 0
                uniform token drive:rotY:physics:type = "force"
                rel physics:body0 = </World/Plant_1/Stem/Internode_r2>
                rel physics:body1 = </World/Plant_1/Stem/Internode_r3>
                float physics:coneAngle0Limit = 25
                float physics:coneAngle1Limit = 25
                point3f physics:localPos0 = (0, 0, 0.008412502)
                point3f physics:localPos1 = (0, 0, 0)
            }

            def PhysicsSphericalJoint "Joint_r4" (
                prepend apiSchemas = ["PhysicsDriveAPI:rotX", "PhysicsDriveAPI:rotY"]
            )
            {
                float drive:rotX:physics:damping = 50
                float drive:rotX:physics:stiffness = 440
                float drive:rotX:physics:targetPosition = 0
                uniform token drive:rotX:physics:type = "force"
                float drive:rotY:physics:damping = 50
                float drive:rotY:physics:stiffness = 440
                float drive:rotY:physics:targetPosition = 0
                uniform token drive:rotY:physics:type = "force"
                rel physics:body0 = </World/Plant_1/Stem/Internode_r3>
                rel physics:body1 = </World/Plant_1/Stem/Internode_r4>
                float physics:coneAngle0Limit = 25
                float physics:coneAngle1Limit = 25
                point3f physics:localPos0 = (0, 0, 0.008461018)
                point3f physics:localPos1 = (0, 0, 0)
            }

            def PhysicsSphericalJoint "Joint_r5" (
                prepend apiSchemas = ["PhysicsDriveAPI:rotX", "PhysicsDriveAPI:rotY"]
            )
            {
                float drive:rotX:physics:damping = 50
                float drive:rotX:physics:stiffness = 380
                float drive:rotX:physics:targetPosition = 0
                uniform token drive:rotX:physics:type = "force"
                float drive:rotY:physics:damping = 50
                float drive:rotY:physics:stiffness = 380
                float drive:rotY:physics:targetPosition = 0
                uniform token drive:rotY:physics:type = "force"
                rel physics:body0 = </World/Plant_1/Stem/Internode_r4>
                rel physics:body1 = </World/Plant_1/Stem/Internode_r5>
                float physics:coneAngle0Limit = 25
                float physics:coneAngle1Limit = 25
                point3f physics:localPos0 = (0, 0, 0.008164867)
                point3f physics:localPos1 = (0, 0, 0)
            }

            def PhysicsSphericalJoint "Joint_r6" (
                prepend apiSchemas = ["PhysicsDriveAPI:rotX", "PhysicsDriveAPI:rotY"]
            )
            {
                float drive:rotX:physics:damping = 50
                float drive:rotX:physics:stiffness = 320
                float drive:rotX:physics:targetPosition = 0
                uniform token drive:rotX:physics:type = "force"
                float drive:rotY:physics:damping = 50
                float drive:rotY:physics:stiffness = 320
                float drive:rotY:physics:targetPosition = 0
                uniform token drive:rotY:physics:type = "force"
                rel physics:body0 = </World/Plant_1/Stem/Internode_r5>
                rel physics:body1 = </World/Plant_1/Stem/Internode_r6>
                float physics:coneAngle0Limit = 25
                float physics:coneAngle1Limit = 25
                point3f physics:localPos0 = (0, 0, 0.007639306)
                point3f physics:localPos1 = (0, 0, 0)
            }

            def PhysicsSphericalJoint "Joint_r7" (
                prepend apiSchemas = ["PhysicsDriveAPI:rotX", "PhysicsDriveAPI:rotY"]
            )
            {
                float drive:rotX:physics:damping = 50
                float drive:rotX:physics:stiffness = 260
                float drive:rotX:physics:targetPosition = 0
                uniform token drive:rotX:physics:type = "force"
                float drive:rotY:physics:damping = 50
                float drive:rotY:physics:stiffness = 260
                float drive:rotY:physics:targetPosition = 0
                uniform token drive:rotY:physics:type = "force"
                rel physics:body0 = </World/Plant_1/Stem/Internode_r6>
                rel physics:body1 = </World/Plant_1/Stem/Internode_r7>
                float physics:coneAngle0Limit = 25
                float physics:coneAngle1Limit = 25
                point3f physics:localPos0 = (0, 0, 0.015910206)
                point3f physics:localPos1 = (0, 0, 0)
            }

            def PhysicsSphericalJoint "Joint_r8" (
                prepend apiSchemas = ["PhysicsDriveAPI:rotX", "PhysicsDriveAPI:rotY"]
            )
            {
                float drive:rotX:physics:damping = 50
                float drive:rotX:physics:stiffness = 200
                float drive:rotX:physics:targetPosition = 0
                uniform token drive:rotX:physics:type = "force"
                float drive:rotY:physics:damping = 50
                float drive:rotY:physics:stiffness = 200
                float drive:rotY:physics:targetPosition = 0
                uniform token drive:rotY:physics:type = "force"
                rel physics:body0 = </World/Plant_1/Stem/Internode_r7>
                rel physics:body1 = </World/Plant_1/Stem/Internode_r8>
                float physics:coneAngle0Limit = 25
                float physics:coneAngle1Limit = 25
                point3f physics:localPos0 = (0, 0, 0.013269873)
                point3f physics:localPos1 = (0, 0, 0)
            }
        }

        def Xform "Leaves"
        {
            def Xform "Leaf_r8_i0"
            {
                def Cylinder "Petiole"
                {
                    uniform token axis = "Z"
                    double height = 0.010315108
                    rel material:binding = </World/Plant_1/Materials/Leaf>
                    double radius = 0.0010667109
                    matrix4d xformOp:transform = ( (0, 1, 0, 0), (-0.3420201433256687, 0, 0.9396926207859084, 0), (0.9396926207859084, 0, 0.3420201433256687, 0), (0.004846515435104845, 0, 0.19306270535828987, 1) )
                    uniform token[] xformOpOrder = ["xformOp:transform"]
                }

                def Cylinder "Rachis"
                {
                    uniform token axis = "Z"
                    double height = 0.025914127
                    rel material:binding = </World/Plant_1/Materials/Leaf>
                    double radius = 0.00064002654
                    matrix4d xformOp:transform = ( (0, 1, 0, 0), (-0.3420201433256687, 0, 0.9396926207859084, 0), (0.9396926207859084, 0, 0.3420201433256687, 0), (0.021868687828214127, 0, 0.19925826943192956, 1) )
                    uniform token[] xformOpOrder = ["xformOp:transform"]
                }

                def Mesh "Blade_0"
                {
                    int[] faceVertexCounts = [3, 3]
                    int[] faceVertexIndices = [0, 1, 2, 0, 2, 3]
                    rel material:binding = </World/Plant_1/Materials/Leaf>
                    point3f[] points = [(-0.0005789244, -0.00096487394, 0), (0.0005789244, -0.00096487394, 0), (0.0005789244, 0.00096487394, 0), (-0.0005789244, 0.00096487394, 0)]
                    uniform token subdivisionScheme = "none"
                    matrix4d xformOp:transform = ( (-0.7287394448186828, -0.6847910787717361, 0, 0), (-0.16561313590900145, 0.17624181806439163, 0.9703149544244614, 0), (-0.6644630243886748, 0.7071067811865475, -0.24184476264797528, 0), (0.009051907832278923, 0.0006822688863881551, 0.19459334301427064, 1) )
                    uniform token[] xformOpOrder = ["xformOp:transform"]
                }

                def Mesh "Blade_1"
                {
                    int[] faceVertexCounts = [3, 3]
                    int[] faceVertexIndices = [0, 1, 2, 0, 2, 3]
                    rel material:binding = </World/Plant_1/Materials/Leaf>
                    point3f[] points = [(-0.0005789244, -0.00096487394, 0), (0.0005789244, -0.00096487394, 0), (0.0005789244, 0.00096487394, 0), (-0.0005789244, 0.00096487394, 0)]
                    uniform token subdivisionScheme = "none"
                    matrix4d xformOp:transform = ( (0.7287394448186828, -0.6847910787717361, 0, 0), (-0.16561313590900145, -0.17624181806439163, 0.9703149544244614, 0), (-0.6644630243886748, -0.7071067811865475, -0.24184476264797528, 0), (0.01716901247094854, -0.0006822688863881551, 0.1975477274911705, 1) )
                    uniform token[] xformOpOrder = ["xformOp:transform"]
                }

                def Mesh "Blade_2"
                {
                    int[] faceVertexCounts = [3, 3]
                    int[] faceVertexIndices = [0, 1, 2, 0, 2, 3]
                    rel material:binding = </World/Plant_1/Materials/Leaf>
                    point3f[] points = [(-0.0005789244, -0.00096487394, 0), (0.0005789244, -0.00096487394, 0), (0.0005789244, 0.00096487394, 0), (-0.0005789244, 0.00096487394, 0)]
                    uniform token subdivisionScheme = "none"
                    matrix4d xformOp:transform = ( (-0.7287394448186828, -0.6847910787717361, 0, 0), (-0.16561313590900145, 0.17624181806439163, 0.9703149544244614, 0), (-0.6644630243886748, 0.7071067811865475, -0.24184476264797528, 0), (0.025286117109618166, 0.0006822688863881551, 0.20050211196807036, 1) )
                    uniform token[] xformOpOrder = ["xformOp:transform"]
                }

                def Mesh "Blade_3"
                {
                    int[] faceVertexCounts = [3, 3]
                    int[] faceVertexIndices = [0, 1, 2, 0, 2, 3]
                    rel material:binding = </World/Plant_1/Materials/Leaf>
                    point3f[] points = [(-0.0005789244, -0.00096487394, 0), (0.0005789244, -0.00096487394, 0), (0.0005789244, 0.00096487394, 0), (-0.0005789244, 0.00096487394, 0)]
                    uniform token subdivisionScheme = "none"
                    matrix4d xformOp:transform = ( (0, -1, 0, 0), (0.9396926207859084, 0, 0.3420201433256687, 0), (-0.3420201433256687, 0, 0.9396926207859084, 0), (0.03404434478621856, 0, 0.20368984614727934, 1) )
                    uniform token[] xformOpOrder = ["xformOp:transform"]
                }
            }

            def Xform "Leaf_r7_i0"
            {
                def Cylinder "Petiole"
                {
                    uniform token axis = "Z"
                    double height = 0.022824008
                    rel material:binding = </World/Plant_1/Materials/Leaf>
                    double radius = 0.002019096
                    matrix4d xformOp:transform = ( (0, 1, 0, 0), (-0.3420201433256687, 0, 0.9396926207859084, 0), (0.9396926207859084, 0, 0.3420201433256687, 0), (0.01072377594717927, 0, 0.1823118842437131, 1) )
                    uniform token[] xformOpOrder = ["xformOp:transform"]
                }

                def Cylinder "Rachis"
                {
                    uniform token axis = "Z"
                    double height = 0.07816507
                    rel material:binding = </World/Plant_1/Materials/Leaf>
                    double radius = 0.0012114576
                    matrix4d xformOp:transform = ( (0, 1, 0, 0), (-0.3420201433256687, 0, 0.9396926207859084, 0), (0.9396926207859084, 0, 0.3420201433256687, 0), (0.058173121635465536, 0, 0.1995820337096567, 1) )
                    uniform token[] xformOpOrder = ["xformOp:transform"]
                }

                def Mesh "Blade_0"
                {
                    int[] faceVertexCounts = [3, 3]
                    int[] faceVertexIndices = [0, 1, 2, 0, 2, 3]
                    rel material:binding = </World/Plant_1/Materials/Leaf>
                    point3f[] points = [(-0.005586289, -0.009310482, 0), (0.005586289, -0.009310482, 0), (0.005586289, 0.009310482, 0), (-0.005586289, 0.009310482, 0)]
                    uniform token subdivisionScheme = "none"
                    matrix4d xformOp:transform = ( (-0.7287394448186828, -0.6847910787717361, 0, 0), (-0.16561313590900145, 0.17624181806439163, 0.9703149544244614, 0), (-0.6644630243886748, 0.7071067811865475, -0.24184476264797528, 0), (0.015261081128895924, 0.006583504678677359, 0.1839633282736398, 1) )
                    uniform token[] xformOpOrder = ["xformOp:transform"]
                }

                def Mesh "Blade_1"
                {
                    int[] faceVertexCounts = [3, 3]
                    int[] faceVertexIndices = [0, 1, 2, 0, 2, 3]
                    rel material:binding = </World/Plant_1/Materials/Leaf>
                    point3f[] points = [(-0.005586289, -0.009310482, 0), (0.005586289, -0.009310482, 0), (0.005586289, 0.009310482, 0), (-0.005586289, 0.009310482, 0)]
                    uniform token subdivisionScheme = "none"
                    matrix4d xformOp:transform = ( (0.7287394448186828, -0.6847910787717361, 0, 0), (-0.16561313590900145, -0.17624181806439163, 0.9703149544244614, 0), (-0.6644630243886748, -0.7071067811865475, -0.24184476264797528, 0), (0.03974479428963392, -0.006583504678677359, 0.1928746710884601, 1) )
                    uniform token[] xformOpOrder = ["xformOp:transform"]
                }

                def Mesh "Blade_2"
                {
                    int[] faceVertexCounts = [3, 3]
                    int[] faceVertexIndices = [0, 1, 2, 0, 2, 3]
                    rel material:binding = </World/Plant_1/Materials/Leaf>
                    point3f[] points = [(-0.005586289, -0.009310482, 0), (0.005586289, -0.009310482, 0), (0.005586289, 0.009310482, 0), (-0.005586289, 0.009310482, 0)]
                    uniform token subdivisionScheme = "none"
                    matrix4d xformOp:transform = ( (-0.7287394448186828, -0.6847910787717361, 0, 0), (-0.16561313590900145, 0.17624181806439163, 0.9703149544244614, 0), (-0.6644630243886748, 0.7071067811865475, -0.24184476264797528, 0), (0.06422850745037191, 0.006583504678677359, 0.2017860139032804, 1) )
                    uniform token[] xformOpOrder = ["xformOp:transform"]
                }

                def Mesh "Blade_3"
                {
                    int[] faceVertexCounts = [3, 3]
                    int[] faceVertexIndices = [0, 1, 2, 0, 2, 3]
                    rel material:binding = </World/Plant_1/Materials/Leaf>
                    point3f[] points = [(-0.005586289, -0.009310482, 0), (0.005586289, -0.009310482, 0), (0.005586289, 0.009310482, 0), (-0.005586289, 0.009310482, 0)]
                    uniform token subdivisionScheme = "none"
                    matrix4d xformOp:transform = ( (0, -1, 0, 0), (0.9396926207859084, 0, 0.3420201433256687, 0), (-0.3420201433256687, 0, 0.9396926207859084, 0), (0.09489869137657253, 0, 0.21294904793188715, 1) )
                    uniform token[] xformOpOrder = ["xformOp:transform"]
                }
            }

            def Xform "Leaf_r6_i0"
            {
                def Cylinder "Petiole"
                {
                    uniform token axis = "Z"
                    double height = 0.0278836
                    rel material:binding = </World/Plant_1/Materials/Leaf>
                    double radius = 0.00237147675
                    matrix4d xformOp:transform = ( (0, 1, 0, 0), (-0.3420201433256687, 0, 0.9396926207859084, 0), (0.9396926207859084, 0, 0.3420201433256687, 0), (0.013101006580472979, 0, 0.15663737843421782, 1) )
                    uniform token[] xformOpOrder = ["xformOp:transform"]
                }

                def Cylinder "Rachis"
                {
                    uniform token axis = "Z"
                    double height = 0.10442752
                    rel material:binding = </World/Plant_1/Materials/Leaf>
                    double radius = 0.00142288605
                    matrix4d xformOp:transform = ( (0, 1, 0, 0), (-0.3420201433256687, 0, 0.9396926207859084, 0), (0.9396926207859084, 0, 0.3420201433256687, 0), (0.07526689813643239, 0, 0.1792639125472077, 1) )
                    uniform token[] xformOpOrder = ["xformOp:transform"]
                }

                def Mesh "Blade_0"
                {
                    int[] faceVertexCounts = [3, 3]
                    int[] faceVertexIndices = [0, 1, 2, 0, 2, 3]
                    rel material:binding = </World/Plant_1/Materials/Leaf>
                    point3f[] points = [(-0.009892932, -0.01648822, 0), (0.009892932, -0.01648822, 0), (0.009892932, 0.01648822, 0), (-0.009892932, 0.01648822, 0)]
                    uniform token subdivisionScheme = "none"
                    matrix4d xformOp:transform = ( (-0.7287394448186828, -0.6847910787717361, 0, 0), (-0.16561313590900145, 0.17624181806439163, 0.9703149544244614, 0), (-0.6644630243886748, 0.7071067811865475, -0.24184476264797528, 0), (0.015246200482208662, 0.01165893233212201, 0.15741816516117896, 1) )
                    uniform token[] xformOpOrder = ["xformOp:transform"]
                }

                def Mesh "Blade_1"
                {
                    int[] faceVertexCounts = [3, 3]
                    int[] faceVertexIndices = [0, 1, 2, 0, 2, 3]
                    rel material:binding = </World/Plant_1/Materials/Leaf>
                    point3f[] points = [(-0.009892932, -0.01648822, 0), (0.009892932, -0.01648822, 0), (0.009892932, 0.01648822, 0), (-0.009892932, 0.01648822, 0)]
                    uniform token subdivisionScheme = "none"
                    matrix4d xformOp:transform = ( (0.7287394448186828, -0.6847910787717361, 0, 0), (-0.16561313590900145, -0.17624181806439163, 0.9703149544244614, 0), (-0.6644630243886748, -0.7071067811865475, -0.24184476264797528, 0), (0.04795612379919961, -0.01165893233212201, 0.16932360361369367, 1) )
                    uniform token[] xformOpOrder = ["xformOp:transform"]
                }

                def Mesh "Blade_2"
                {
                    int[] faceVertexCounts = [3, 3]
                    int[] faceVertexIndices = [0, 1, 2, 0, 2, 3]
                    rel material:binding = </World/Plant_1/Materials/Leaf>
                    point3f[] points = [(-0.009892932, -0.01648822, 0), (0.009892932, -0.01648822, 0), (0.009892932, 0.01648822, 0), (-0.009892932, 0.01648822, 0)]
                    uniform token subdivisionScheme = "none"
                    matrix4d xformOp:transform = ( (-0.7287394448186828, -0.6847910787717361, 0, 0), (-0.16561313590900145, 0.17624181806439163, 0.9703149544244614, 0), (-0.6644630243886748, 0.7071067811865475, -0.24184476264797528, 0), (0.08066604711619056, 0.01165893233212201, 0.18122904206620838, 1) )
                    uniform token[] xformOpOrder = ["xformOp:transform"]
                }

                def Mesh "Blade_3"
                {
                    int[] faceVertexCounts = [3, 3]
                    int[] faceVertexIndices = [0, 1, 2, 0, 2, 3]
                    rel material:binding = </World/Plant_1/Materials/Leaf>
                    point3f[] points = [(-0.009892932, -0.01648822, 0), (0.009892932, -0.01648822, 0), (0.009892932, 0.01648822, 0), (-0.009892932, 0.01648822, 0)]
                    uniform token subdivisionScheme = "none"
                    matrix4d xformOp:transform = ( (0, -1, 0, 0), (0.9396926207859084, 0, 0.3420201433256687, 0), (-0.3420201433256687, 0, 0.9396926207859084, 0), (0.12433178311191882, 0, 0.19712207022597975, 1) )
                    uniform token[] xformOpOrder = ["xformOp:transform"]
                }
            }

            def Xform "Leaf_r5_i0"
            {
                def Cylinder "Petiole"
                {
                    uniform token axis = "Z"
                    double height = 0.030694524
                    rel material:binding = </World/Plant_1/Materials/Leaf>
                    double radius = 0.0025617145
                    matrix4d xformOp:transform = ( (0, 1, 0, 0), (-0.3420201433256687, 0, 0.9396926207859084, 0), (0.9396926207859084, 0, 0.3420201433256687, 0), (0.014421708850667982, 0, 0.1252976617488966, 1) )
                    uniform token[] xformOpOrder = ["xformOp:transform"]
                }

                def Cylinder "Rachis"
                {
                    uniform token axis = "Z"
                    double height = 0.12017747
                    rel material:binding = </World/Plant_1/Materials/Leaf>
                    double radius = 0.0015370286999999998
                    matrix4d xformOp:transform = ( (0, 1, 0, 0), (-0.3420201433256687, 0, 0.9396926207859084, 0), (0.9396926207859084, 0, 0.3420201433256687, 0), (0.08530835857319591, 0, 0.1510982922547513, 1) )
                    uniform token[] xformOpOrder = ["xformOp:transform"]
                }

                def Mesh "Blade_0"
                {
                    int[] faceVertexCounts = [3, 3]
                    int[] faceVertexIndices = [0, 1, 2, 0, 2, 3]
                    rel material:binding = </World/Plant_1/Materials/Leaf>
                    point3f[] points = [(-0.013013196, -0.02168866, 0), (0.013013196, -0.02168866, 0), (0.013013196, 0.02168866, 0), (-0.013013196, 0.02168866, 0)]
                    uniform token subdivisionScheme = "none"
                    matrix4d xformOp:transform = ( (-0.7287394448186828, -0.6847910787717361, 0, 0), (-0.16561313590900145, 0.17624181806439163, 0.9703149544244614, 0), (-0.6644630243886748, 0.7071067811865475, -0.24184476264797528, 0), (0.014432104982141293, 0.015336198667966363, 0.12530144563130438, 1) )
                    uniform token[] xformOpOrder = ["xformOp:transform"]
                }

                def Mesh "Blade_1"
                {
                    int[] faceVertexCounts = [3, 3]
                    int[] faceVertexIndices = [0, 1, 2, 0, 2, 3]
                    rel material:binding = </World/Plant_1/Materials/Leaf>
                    point3f[] points = [(-0.013013196, -0.02168866, 0), (0.013013196, -0.02168866, 0), (0.013013196, 0.02168866, 0), (-0.013013196, 0.02168866, 0)]
                    uniform token subdivisionScheme = "none"
                    matrix4d xformOp:transform = ( (0.7287394448186828, -0.6847910787717361, 0, 0), (-0.16561313590900145, -0.17624181806439163, 0.9703149544244614, 0), (-0.6644630243886748, -0.7071067811865475, -0.24184476264797528, 0), (0.052075398896714586, -0.015336198667966363, 0.13900248413594313, 1) )
                    uniform token[] xformOpOrder = ["xformOp:transform"]
                }

                def Mesh "Blade_2"
                {
                    int[] faceVertexCounts = [3, 3]
                    int[] faceVertexIndices = [0, 1, 2, 0, 2, 3]
                    rel material:binding = </World/Plant_1/Materials/Leaf>
                    point3f[] points = [(-0.013013196, -0.02168866, 0), (0.013013196, -0.02168866, 0), (0.013013196, 0.02168866, 0), (-0.013013196, 0.02168866, 0)]
                    uniform token subdivisionScheme = "none"
                    matrix4d xformOp:transform = ( (-0.7287394448186828, -0.6847910787717361, 0, 0), (-0.16561313590900145, 0.17624181806439163, 0.9703149544244614, 0), (-0.6644630243886748, 0.7071067811865475, -0.24184476264797528, 0), (0.08971869281128787, 0.015336198667966363, 0.15270352264058187, 1) )
                    uniform token[] xformOpOrder = ["xformOp:transform"]
                }

                def Mesh "Blade_3"
                {
                    int[] faceVertexCounts = [3, 3]
                    int[] faceVertexIndices = [0, 1, 2, 0, 2, 3]
                    rel material:binding = </World/Plant_1/Materials/Leaf>
                    point3f[] points = [(-0.013013196, -0.02168866, 0), (0.013013196, -0.02168866, 0), (0.013013196, 0.02168866, 0), (-0.013013196, 0.02168866, 0)]
                    uniform token subdivisionScheme = "none"
                    matrix4d xformOp:transform = ( (0, -1, 0, 0), (0.9396926207859084, 0, 0.3420201433256687, 0), (-0.3420201433256687, 0, 0.9396926207859084, 0), (0.14177329944505584, 0, 0.1716498500117094, 1) )
                    uniform token[] xformOpOrder = ["xformOp:transform"]
                }
            }

            def Xform "Leaf_r4_i0"
            {
                def Cylinder "Petiole"
                {
                    uniform token axis = "Z"
                    double height = 0.03275578
                    rel material:binding = </World/Plant_1/Materials/Leaf>
                    double radius = 0.0026990355
                    matrix4d xformOp:transform = ( (0, 1, 0, 0), (-0.3420201433256687, 0, 0.9396926207859084, 0), (0.9396926207859084, 0, 0.3420201433256687, 0), (0.01539018237704332, 0, 0.11037154528517204, 1) )
                    uniform token[] xformOpOrder = ["xformOp:transform"]
                }

                def Cylinder "Rachis"
                {
                    uniform token axis = "Z"
                    double height = 0.1322346
                    rel material:binding = </World/Plant_1/Materials/Leaf>
                    double radius = 0.0016194213
                    matrix4d xformOp:transform = ( (0, 1, 0, 0), (-0.3420201433256687, 0, 0.9396926207859084, 0), (0.9396926207859084, 0, 0.3420201433256687, 0), (0.09291030367037478, 0, 0.1385865619926503, 1) )
                    uniform token[] xformOpOrder = ["xformOp:transform"]
                }

                def Mesh "Blade_0"
                {
                    int[] faceVertexCounts = [3, 3]
                    int[] faceVertexIndices = [0, 1, 2, 0, 2, 3]
                    rel material:binding = </World/Plant_1/Materials/Leaf>
                    point3f[] points = [(-0.015665803, -0.026109671, 0), (0.015665803, -0.026109671, 0), (0.015665803, 0.026109671, 0), (-0.015665803, 0.026109671, 0)]
                    uniform token subdivisionScheme = "none"
                    matrix4d xformOp:transform = ( (-0.7287394448186828, -0.6847910787717361, 0, 0), (-0.16561313590900145, 0.17624181806439163, 0.9703149544244614, 0), (-0.6644630243886748, 0.7071067811865475, -0.24184476264797528, 0), (0.013431454099683209, 0.018462325095086662, 0.10965862649519743, 1) )
                    uniform token[] xformOpOrder = ["xformOp:transform"]
                }

                def Mesh "Blade_1"
                {
                    int[] faceVertexCounts = [3, 3]
                    int[] faceVertexIndices = [0, 1, 2, 0, 2, 3]
                    rel material:binding = </World/Plant_1/Materials/Leaf>
                    point3f[] points = [(-0.015665803, -0.026109671, 0), (0.015665803, -0.026109671, 0), (0.015665803, 0.026109671, 0), (-0.015665803, 0.026109671, 0)]
                    uniform token subdivisionScheme = "none"
                    matrix4d xformOp:transform = ( (0.7287394448186828, -0.6847910787717361, 0, 0), (-0.16561313590900145, -0.17624181806439163, 0.9703149544244614, 0), (-0.6644630243886748, -0.7071067811865475, -0.24184476264797528, 0), (0.05485141337720864, -0.018462325095086662, 0.12473425877673493, 1) )
                    uniform token[] xformOpOrder = ["xformOp:transform"]
                }

                def Mesh "Blade_2"
                {
                    int[] faceVertexCounts = [3, 3]
                    int[] faceVertexIndices = [0, 1, 2, 0, 2, 3]
                    rel material:binding = </World/Plant_1/Materials/Leaf>
                    point3f[] points = [(-0.015665803, -0.026109671, 0), (0.015665803, -0.026109671, 0), (0.015665803, 0.026109671, 0), (-0.015665803, 0.026109671, 0)]
                    uniform token subdivisionScheme = "none"
                    matrix4d xformOp:transform = ( (-0.7287394448186828, -0.6847910787717361, 0, 0), (-0.16561313590900145, 0.17624181806439163, 0.9703149544244614, 0), (-0.6644630243886748, 0.7071067811865475, -0.24184476264797528, 0), (0.09627137265473407, 0.018462325095086662, 0.13980989105827243, 1) )
                    uniform token[] xformOpOrder = ["xformOp:transform"]
                }

                def Mesh "Blade_3"
                {
                    int[] faceVertexCounts = [3, 3]
                    int[] faceVertexIndices = [0, 1, 2, 0, 2, 3]
                    rel material:binding = </World/Plant_1/Materials/Leaf>
                    point3f[] points = [(-0.015665803, -0.026109671, 0), (0.015665803, -0.026109671, 0), (0.015665803, 0.026109671, 0), (-0.015665803, 0.026109671, 0)]
                    uniform token subdivisionScheme = "none"
