#usda 1.0
(
    metersPerUnit = 1
    upAxis = "Z"
)

def "World"
{
    def Xform "Plant_1"
    {
        def Xform "Stem"
        {
            def Cylinder "Internode_o0_r0" (
                prepend apiSchemas = ["PhysicsRigidBodyAPI", "PhysicsMassAPI", "PhysicsCollisionAPI"]
            )
            {
                uniform token axis = "Z"
                double height = 0.009271495
                rel material:binding = </World/Plant_1/Materials/Stem>
                float physics:mass = 0.00027181275
                double radius = 0.00322005907193045
                matrix4d xformOp:transform = ( (1, 0, 0, 0), (0, 1, 0, 0), (0, 0, 1, 0), (0, 0, 0.0046357475, 1) )
                uniform token[] xformOpOrder = ["xformOp:transform"]
            }

            def Cylinder "Internode_o0_r1" (
                prepend apiSchemas = ["PhysicsRigidBodyAPI", "PhysicsMassAPI", "PhysicsCollisionAPI"]
            )
            {
                uniform token axis = "Z"
                double height = 0.010039136
                rel material:binding = </World/Plant_1/Materials/Stem>
                float physics:mass = 0.00031708815
                double radius = 0.00334230173118375
                matrix4d xformOp:transform = ( (1, 0, 0, 0), (0, 1, 0, 0), (0, 0, 1, 0), (0, 0, 0.014291063, 1) )
                uniform token[] xformOpOrder = ["xformOp:transform"]
            }

            def Cylinder "Internode_o0_r2" (
                prepend apiSchemas = ["PhysicsRigidBodyAPI", "PhysicsMassAPI", "PhysicsCollisionAPI"]
            )
            {
                uniform token axis = "Z"
                double height = 0.016521482
                rel material:binding = </World/Plant_1/Materials/Stem>
                float physics:mass = 0.00083217485
                double radius = 0.0042207205120302
                matrix4d xformOp:transform = ( (1, 0, 0, 0), (0, 1, 0, 0), (0, 0, 1, 0), (0, 0, 0.027571372000000004, 1) )
                uniform token[] xformOpOrder = ["xformOp:transform"]
            }

            def Cylinder "Internode_o0_r3" (
                prepend apiSchemas = ["PhysicsRigidBodyAPI", "PhysicsMassAPI", "PhysicsCollisionAPI"]
            )
            {
                uniform token axis = "Z"
                double height = 0.017101102
                rel material:binding = </World/Plant_1/Materials/Stem>
                float physics:mass = 0.0008896487
                double radius = 0.00428944428698625
                matrix4d xformOp:transform = ( (1, 0, 0, 0), (0, 1, 0, 0), (0, 0, 1, 0), (0, 0, 0.044382664, 1) )
                uniform token[] xformOpOrder = ["xformOp:transform"]
            }

            def Cylinder "Internode_o0_r4" (
                prepend apiSchemas = ["PhysicsRigidBodyAPI", "PhysicsMassAPI", "PhysicsCollisionAPI"]
            )
            {
                uniform token axis = "Z"
                double height = 0.017163334
                rel material:binding = </World/Plant_1/Materials/Stem>
                float physics:mass = 0.0008959299
                double radius = 0.0042967489964745
                matrix4d xformOp:transform = ( (1, 0, 0, 0), (0, 1, 0, 0), (0, 0, 1, 0), (0, 0, 0.061514882, 1) )
                uniform token[] xformOpOrder = ["xformOp:transform"]
            }

            def Cylinder "Internode_o0_r5" (
                prepend apiSchemas = ["PhysicsRigidBodyAPI", "PhysicsMassAPI", "PhysicsCollisionAPI"]
            )
            {
                uniform token axis = "Z"
                double height = 0.017294025
                rel material:binding = </World/Plant_1/Materials/Stem>
                float physics:mass = 0.00090919004
                double radius = 0.0043120431971284
                matrix4d xformOp:transform = ( (1, 0, 0, 0), (0, 1, 0, 0), (0, 0, 1, 0), (0, 0, 0.07874356149999999, 1) )
                uniform token[] xformOpOrder = ["xformOp:transform"]
            }

            def Cylinder "Internode_o0_r6" (
                prepend apiSchemas = ["PhysicsRigidBodyAPI", "PhysicsMassAPI", "PhysicsCollisionAPI"]
            )
            {
                uniform token axis = "Z"
                double height = 0.039448373
                rel material:binding = </World/Plant_1/Materials/Stem>
                float physics:mass = 0.0021083145
                double radius = 0.0043476739468645
                matrix4d xformOp:transform = ( (1, 0, 0, 0), (0, 1, 0, 0), (0, 0, 1, 0), (0, 0, 0.1071147605, 1) )
                uniform token[] xformOpOrder = ["xformOp:transform"]
            }

            def Cylinder "Internode_o0_r7" (
                prepend apiSchemas = ["PhysicsRigidBodyAPI", "PhysicsMassAPI", "PhysicsCollisionAPI"]
            )
            {
                uniform token axis = "Z"
                double height = 0.03981448
                rel material:binding = </World/Plant_1/Materials/Stem>
                float physics:mass = 0.0021484045
                double radius = 0.00436859013988765
                matrix4d xformOp:transform = ( (1, 0, 0, 0), (0, 1, 0, 0), (0, 0, 1, 0), (0, 0, 0.146746187, 1) )
                uniform token[] xformOpOrder = ["xformOp:transform"]
            }

            def Cylinder "Internode_o0_r8" (
                prepend apiSchemas = ["PhysicsRigidBodyAPI", "PhysicsMassAPI", "PhysicsCollisionAPI"]
            )
            {
                uniform token axis = "Z"
                double height = 0.039392572
                rel material:binding = </World/Plant_1/Materials/Stem>
                float physics:mass = 0.0021022381
                double radius = 0.00434447788906165
                matrix4d xformOp:transform = ( (1, 0, 0, 0), (0, 1, 0, 0), (0, 0, 1, 0), (0, 0, 0.18634971300000003, 1) )
                uniform token[] xformOpOrder = ["xformOp:transform"]
            }

            def Cylinder "Internode_o0_r9" (
                prepend apiSchemas = ["PhysicsRigidBodyAPI", "PhysicsMassAPI", "PhysicsCollisionAPI"]
            )
            {
                uniform token axis = "Z"
                double height = 0.036851455
                rel material:binding = </World/Plant_1/Materials/Stem>
                float physics:mass = 0.0018349799
                double radius = 0.00419654746639535
                matrix4d xformOp:transform = ( (1, 0, 0, 0), (0, 1, 0, 0), (0, 0, 1, 0), (0, 0, 0.22447172650000002, 1) )
                uniform token[] xformOpOrder = ["xformOp:transform"]
            }

            def Cylinder "Internode_o1_r1" (
                prepend apiSchemas = ["PhysicsRigidBodyAPI", "PhysicsMassAPI", "PhysicsCollisionAPI"]
            )
            {
                uniform token axis = "Z"
                double height = 0.032656483
                rel material:binding = </World/Plant_1/Materials/Stem>
                float physics:mass = 0.0014342032
                double radius = 0.00394116357412745
                matrix4d xformOp:transform = ( (1, 0, 0, 0), (0, 1, 0, 0), (0, 0, 1, 0), (0, 0, 0.025599736499999998, 1) )
                uniform token[] xformOpOrder = ["xformOp:transform"]
            }

            def Cylinder "Internode_o1_r2" (
                prepend apiSchemas = ["PhysicsRigidBodyAPI", "PhysicsMassAPI", "PhysicsCollisionAPI"]
            )
            {
                uniform token axis = "Z"
                double height = 0.032547664
                rel material:binding = </World/Plant_1/Materials/Stem>
                float physics:mass = 0.0014244752
                double radius = 0.00393433504762645
                matrix4d xformOp:transform = ( (1, 0, 0, 0), (0, 1, 0, 0), (0, 0, 1, 0), (0, 0, 0.025545327, 1) )
                uniform token[] xformOpOrder = ["xformOp:transform"]
            }

            def Cylinder "Internode_o1_r3" (
                prepend apiSchemas = ["PhysicsRigidBodyAPI", "PhysicsMassAPI", "PhysicsCollisionAPI"]
            )
            {
                uniform token axis = "Z"
                double height = 0.031871744
                rel material:binding = </World/Plant_1/Materials/Stem>
                float physics:mass = 0.001364806
                double radius = 0.00389167304865545
                matrix4d xformOp:transform = ( (1, 0, 0, 0), (0, 1, 0, 0), (0, 0, 1, 0), (0, 0, 0.025207367, 1) )
                uniform token[] xformOpOrder = ["xformOp:transform"]
            }

            def Cylinder "Internode_o1_r4" (
                prepend apiSchemas = ["PhysicsRigidBodyAPI", "PhysicsMassAPI", "PhysicsCollisionAPI"]
            )
            {
                uniform token axis = "Z"
                double height = 0.030308122
                rel material:binding = </World/Plant_1/Materials/Stem>
                float physics:mass = 0.001231754
                double radius = 0.00379128362121985
                matrix4d xformOp:transform = ( (1, 0, 0, 0), (0, 1, 0, 0), (0, 0, 1, 0), (0, 0, 0.024425556, 1) )
                uniform token[] xformOpOrder = ["xformOp:transform"]
            }
        }

        def Xform "Roots"
        {
            def Sphere "Root"
            {
                rel material:binding = </World/Plant_1/Materials/Root>
                double radius = 0.005
                matrix4d xformOp:transform = ( (1, 0, 0, 0), (0, 1, 0, 0), (0, 0, 1, 0), (0, 0, -0.005, 1) )
                uniform token[] xformOpOrder = ["xformOp:transform"]
            }
        }

        def Xform "Materials"
        {
            def Material "Stem"
            {
                token outputs:surface.connect = </World/Plant_1/Materials/Stem/Shader.outputs:surface>

                def Shader "Shader"
                {
                    uniform token info:id = "UsdPreviewSurface"
                    color3f inputs:diffuseColor = (0.45, 0.3, 0.1)
                    float inputs:metallic = 0
                    float inputs:roughness = 0.6
                    token outputs:surface
                }
            }

            def Material "Root"
            {
                token outputs:surface.connect = </World/Plant_1/Materials/Root/Shader.outputs:surface>

                def Shader "Shader"
                {
                    uniform token info:id = "UsdPreviewSurface"
                    color3f inputs:diffuseColor = (0.55, 0.35, 0.15)
                    float inputs:metallic = 0
                    float inputs:roughness = 0.6
                    token outputs:surface
                }
            }

            def Material "Leaf"
            {
                token outputs:surface.connect = </World/Plant_1/Materials/Leaf/Shader.outputs:surface>

                def Shader "Shader"
                {
                    uniform token info:id = "UsdPreviewSurface"
                    color3f inputs:diffuseColor = (0.15, 0.55, 0.1)
                    float inputs:metallic = 0
                    float inputs:roughness = 0.6
                    token outputs:surface
                }
            }

            def Material "Pedicel"
            {
                token outputs:surface.connect = </World/Plant_1/Materials/Pedicel/Shader.outputs:surface>

                def Shader "Shader"
                {
                    uniform token info:id = "UsdPreviewSurface"
                    color3f inputs:diffuseColor = (0.2, 0.5, 0.1)
                    float inputs:metallic = 0
                    float inputs:roughness = 0.6
                    token outputs:surface
                }
            }

            def Material "Fruit"
            {
                token outputs:surface.connect = </World/Plant_1/Materials/Fruit/Shader.outputs:surface>

                def Shader "Shader"
                {
                    uniform token info:id = "UsdPreviewSurface"
                    color3f inputs:diffuseColor = (0.9, 0.15, 0.05)
                    float inputs:metallic = 0
                    float inputs:roughness = 0.6
                    token outputs:surface
                }
            }
        }

        def Xform "Joints"
        {
            def PhysicsFixedJoint "GroundAnchor"
            {
                rel physics:body1 = </World/Plant_1/Stem/Internode_o0_r0>
            }

            def PhysicsSphericalJoint "Joint_o0_r1" (
                prepend apiSchemas = ["PhysicsDriveAPI:rotX", "PhysicsDriveAPI:rotY"]
            )
            {
                float drive:rotX:physics:damping = 50
                float drive:rotX:physics:stiffness = 764.7059
                float drive:rotX:physics:targetPosition = 0
                uniform token drive:rotX:physics:type = "force"
                float drive:rotY:physics:damping = 50
                float drive:rotY:physics:stiffness = 764.7059
                float drive:rotY:physics:targetPosition = 0
                uniform token drive:rotY:physics:type = "force"
                rel physics:body0 = </World/Plant_1/Stem/Internode_o0_r0>
                rel physics:body1 = </World/Plant_1/Stem/Internode_o0_r1>
                float physics:coneAngle0Limit = 25
                float physics:coneAngle1Limit = 25
                point3f physics:localPos0 = (0, 0, 0.0046357475)
                point3f physics:localPos1 = (0, 0, 0)
            }

            def PhysicsSphericalJoint "Joint_o0_r2" (
                prepend apiSchemas = ["PhysicsDriveAPI:rotX", "PhysicsDriveAPI:rotY"]
            )
            {
                float drive:rotX:physics:damping = 50
                float drive:rotX:physics:stiffness = 729.41174
                float drive:rotX:physics:targetPosition = 0
                uniform token drive:rotX:physics:type = "force"
                float drive:rotY:physics:damping = 50
                float drive:rotY:physics:stiffness = 729.41174
                float drive:rotY:physics:targetPosition = 0
                uniform token drive:rotY:physics:type = "force"
                rel physics:body0 = </World/Plant_1/Stem/Internode_o0_r1>
                rel physics:body1 = </World/Plant_1/Stem/Internode_o0_r2>
                float physics:coneAngle0Limit = 25
                float physics:coneAngle1Limit = 25
                point3f physics:localPos0 = (0, 0, 0.005019568)
                point3f physics:localPos1 = (0, 0, 0)
            }

            def PhysicsSphericalJoint "Joint_o0_r3" (
                prepend apiSchemas = ["PhysicsDriveAPI:rotX", "PhysicsDriveAPI:rotY"]
            )
            {
                float drive:rotX:physics:damping = 50
                float drive:rotX:physics:stiffness = 694.1177
                float drive:rotX:physics:targetPosition = 0
                uniform token drive:rotX:physics:type = "force"
                float drive:rotY:physics:damping = 50
                float drive:rotY:physics:stiffness = 694.1177
                float drive:rotY:physics:targetPosition = 0
                uniform token drive:rotY:physics:type = "force"
                rel physics:body0 = </World/Plant_1/Stem/Internode_o0_r2>
                rel physics:body1 = </World/Plant_1/Stem/Internode_o0_r3>
                float physics:coneAngle0Limit = 25
                float physics:coneAngle1Limit = 25
                point3f physics:localPos0 = (0, 0, 0.008260741)
                point3f physics:localPos1 = (0, 0, 0)
            }

            def PhysicsSphericalJoint "Joint_o0_r4" (
                prepend apiSchemas = ["PhysicsDriveAPI:rotX", "PhysicsDriveAPI:rotY"]
            )
            {
                float drive:rotX:physics:damping = 50
                float drive:rotX:physics:stiffness = 658.82355
                float drive:rotX:physics:targetPosition = 0
                uniform token drive:rotX:physics:type = "force"
                float drive:rotY:physics:damping = 50
                float drive:rotY:physics:stiffness = 658.82355
                float drive:rotY:physics:targetPosition = 0
                uniform token drive:rotY:physics:type = "force"
                rel physics:body0 = </World/Plant_1/Stem/Internode_o0_r3>
                rel physics:body1 = </World/Plant_1/Stem/Internode_o0_r4>
                float physics:coneAngle0Limit = 25
                float physics:coneAngle1Limit = 25
                point3f physics:localPos0 = (0, 0, 0.008550551)
                point3f physics:localPos1 = (0, 0, 0)
            }

            def PhysicsSphericalJoint "Joint_o0_r5" (
                prepend apiSchemas = ["PhysicsDriveAPI:rotX", "PhysicsDriveAPI:rotY"]
            )
            {
                float drive:rotX:physics:damping = 50
                float drive:rotX:physics:stiffness = 623.5294
                float drive:rotX:physics:targetPosition = 0
                uniform token drive:rotX:physics:type = "force"
                float drive:rotY:physics:damping = 50
                float drive:rotY:physics:stiffness = 623.5294
                float drive:rotY:physics:targetPosition = 0
                uniform token drive:rotY:physics:type = "force"
                rel physics:body0 = </World/Plant_1/Stem/Internode_o0_r4>
                rel physics:body1 = </World/Plant_1/Stem/Internode_o0_r5>
                float physics:coneAngle0Limit = 25
                float physics:coneAngle1Limit = 25
                point3f physics:localPos0 = (0, 0, 0.008581667)
                point3f physics:localPos1 = (0, 0, 0)
            }

            def PhysicsSphericalJoint "Joint_o0_r6" (
                prepend apiSchemas = ["PhysicsDriveAPI:rotX", "PhysicsDriveAPI:rotY"]
            )
            {
                float drive:rotX:physics:damping = 50
                float drive:rotX:physics:stiffness = 588.2353
                float drive:rotX:physics:targetPosition = 0
                uniform token drive:rotX:physics:type = "force"
                float drive:rotY:physics:damping = 50
                float drive:rotY:physics:stiffness = 588.2353
                float drive:rotY:physics:targetPosition = 0
                uniform token drive:rotY:physics:type = "force"
                rel physics:body0 = </World/Plant_1/Stem/Internode_o0_r5>
                rel physics:body1 = </World/Plant_1/Stem/Internode_o0_r6>
                float physics:coneAngle0Limit = 25
                float physics:coneAngle1Limit = 25
                point3f physics:localPos0 = (0, 0, 0.0086470125)
                point3f physics:localPos1 = (0, 0, 0)
            }

            def PhysicsSphericalJoint "Joint_o0_r7" (
                prepend apiSchemas = ["PhysicsDriveAPI:rotX", "PhysicsDriveAPI:rotY"]
            )
            {
                float drive:rotX:physics:damping = 50
                float drive:rotX:physics:stiffness = 552.94116
                float drive:rotX:physics:targetPosition = 0
                uniform token drive:rotX:physics:type = "force"
                float drive:rotY:physics:damping = 50
                float drive:rotY:physics:stiffness = 552.94116
                float drive:rotY:physics:targetPosition = 0
                uniform token drive:rotY:physics:type = "force"
                rel physics:body0 = </World/Plant_1/Stem/Internode_o0_r6>
                rel physics:body1 = </World/Plant_1/Stem/Internode_o0_r7>
                float physics:coneAngle0Limit = 25
                float physics:coneAngle1Limit = 25
                point3f physics:localPos0 = (0, 0, 0.019724187)
                point3f physics:localPos1 = (0, 0, 0)
            }

            def PhysicsSphericalJoint "Joint_o0_r8" (
                prepend apiSchemas = ["PhysicsDriveAPI:rotX", "PhysicsDriveAPI:rotY"]
            )
            {
                float drive:rotX:physics:damping = 50
                float drive:rotX:physics:stiffness = 517.64703
                float drive:rotX:physics:targetPosition = 0
                uniform token drive:rotX:physics:type = "force"
                float drive:rotY:physics:damping = 50
                float drive:rotY:physics:stiffness = 517.64703
                float drive:rotY:physics:targetPosition = 0
                uniform token drive:rotY:physics:type = "force"
                rel physics:body0 = </World/Plant_1/Stem/Internode_o0_r7>
                rel physics:body1 = </World/Plant_1/Stem/Internode_o0_r8>
                float physics:coneAngle0Limit = 25
                float physics:coneAngle1Limit = 25
                point3f physics:localPos0 = (0, 0, 0.01990724)
                point3f physics:localPos1 = (0, 0, 0)
            }

            def PhysicsSphericalJoint "Joint_o0_r9" (
                prepend apiSchemas = ["PhysicsDriveAPI:rotX", "PhysicsDriveAPI:rotY"]
            )
            {
                float drive:rotX:physics:damping = 50
                float drive:rotX:physics:stiffness = 482.35294
                float drive:rotX:physics:targetPosition = 0
                uniform token drive:rotX:physics:type = "force"
                float drive:rotY:physics:damping = 50
                float drive:rotY:physics:stiffness = 482.35294
                float drive:rotY:physics:targetPosition = 0
                uniform token drive:rotY:physics:type = "force"
                rel physics:body0 = </World/Plant_1/Stem/Internode_o0_r8>
                rel physics:body1 = </World/Plant_1/Stem/Internode_o0_r9>
                float physics:coneAngle0Limit = 25
                float physics:coneAngle1Limit = 25
                point3f physics:localPos0 = (0, 0, 0.019696286)
                point3f physics:localPos1 = (0, 0, 0)
            }

            def PhysicsSphericalJoint "Joint_o1_r1" (
                prepend apiSchemas = ["PhysicsDriveAPI:rotX", "PhysicsDriveAPI:rotY"]
            )
            {
                float drive:rotX:physics:damping = 50
                float drive:rotX:physics:stiffness = 411.7647
                float drive:rotX:physics:targetPosition = 0
                uniform token drive:rotX:physics:type = "force"
                float drive:rotY:physics:damping = 50
                float drive:rotY:physics:stiffness = 411.7647
                float drive:rotY:physics:targetPosition = 0
                uniform token drive:rotY:physics:type = "force"
                rel physics:body0 = </World/Plant_1/Stem/Internode_o0_r0>
                rel physics:body1 = </World/Plant_1/Stem/Internode_o1_r1>
                float physics:coneAngle0Limit = 25
                float physics:coneAngle1Limit = 25
                point3f physics:localPos0 = (0, 0, 0.0046357475)
                point3f physics:localPos1 = (0, 0, 0)
            }

            def PhysicsSphericalJoint "Joint_o1_r2" (
                prepend apiSchemas = ["PhysicsDriveAPI:rotX", "PhysicsDriveAPI:rotY"]
            )
            {
                float drive:rotX:physics:damping = 50
                float drive:rotX:physics:stiffness = 341.17648
                float drive:rotX:physics:targetPosition = 0
                uniform token drive:rotX:physics:type = "force"
                float drive:rotY:physics:damping = 50
                float drive:rotY:physics:stiffness = 341.17648
                float drive:rotY:physics:targetPosition = 0
                uniform token drive:rotY:physics:type = "force"
                rel physics:body0 = </World/Plant_1/Stem/Internode_o0_r0>
                rel physics:body1 = </World/Plant_1/Stem/Internode_o1_r2>
                float physics:coneAngle0Limit = 25
                float physics:coneAngle1Limit = 25
                point3f physics:localPos0 = (0, 0, 0.0046357475)
                point3f physics:localPos1 = (0, 0, 0)
            }

            def PhysicsSphericalJoint "Joint_o1_r3" (
                prepend apiSchemas = ["PhysicsDriveAPI:rotX", "PhysicsDriveAPI:rotY"]
            )
            {
                float drive:rotX:physics:damping = 50
                float drive:rotX:physics:stiffness = 270.58823
                float drive:rotX:physics:targetPosition = 0
                uniform token drive:rotX:physics:type = "force"
                float drive:rotY:physics:damping = 50
                float drive:rotY:physics:stiffness = 270.58823
                float drive:rotY:physics:targetPosition = 0
                uniform token drive:rotY:physics:type = "force"
                rel physics:body0 = </World/Plant_1/Stem/Internode_o0_r0>
                rel physics:body1 = </World/Plant_1/Stem/Internode_o1_r3>
                float physics:coneAngle0Limit = 25
                float physics:coneAngle1Limit = 25
                point3f physics:localPos0 = (0, 0, 0.0046357475)
                point3f physics:localPos1 = (0, 0, 0)
            }

            def PhysicsSphericalJoint "Joint_o1_r4" (
                prepend apiSchemas = ["PhysicsDriveAPI:rotX", "PhysicsDriveAPI:rotY"]
            )
            {
                float drive:rotX:physics:damping = 50
                float drive:rotX:physics:stiffness = 200
                float drive:rotX:physics:targetPosition = 0
                uniform token drive:rotX:physics:type = "force"
                float drive:rotY:physics:damping = 50
                float drive:rotY:physics:stiffness = 200
                float drive:rotY:physics:targetPosition = 0
                uniform token drive:rotY:physics:type = "force"
                rel physics:body0 = </World/Plant_1/Stem/Internode_o0_r0>
                rel physics:body1 = </World/Plant_1/Stem/Internode_o1_r4>
                float physics:coneAngle0Limit = 25
                float physics:coneAngle1Limit = 25
                point3f physics:localPos0 = (0, 0, 0.0046357475)
                point3f physics:localPos1 = (0, 0, 0)
            }
        }

        def Xform "Leaves"
        {
            def Xform "Leaf_o1_r4_i0"
            {
                def Cylinder "Petiole"
                {
                    uniform token axis = "Z"
                    double height = 0.023345621
                    rel material:binding = </World/Plant_1/Materials/Leaf>
                    double radius = 0.00205608575
                    matrix4d xformOp:transform = ( (-1, 6.123233995736766e-17, 0, 0), (-2.094269368838496e-17, -0.3420201433256687, 0.9396926207859084, 0), (5.753957801139251e-17, 0.9396926207859084, 0.3420201433256687, 0), (6.716485903769517e-19, 0.01096885389068227, 0.041678824320223365, 1) )
                    uniform token[] xformOpOrder = ["xformOp:transform"]
                }

                def Cylinder "Rachis"
                {
                    uniform token axis = "Z"
                    double height = 0.05231715
                    rel material:binding = </World/Plant_1/Materials/Leaf>
                    double radius = 0.00123365145
                    matrix4d xformOp:transform = ( (-1, 6.123233995736766e-17, 0, 0), (-2.094269368838496e-17, -0.3420201433256687, 0.9396926207859084, 0), (5.753957801139251e-17, 0.9396926207859084, 0.3420201433256687, 0), (2.848450547633265e-18, 0.04651872767913928, 0.05461792021114199, 1) )
                    uniform token[] xformOpOrder = ["xformOp:transform"]
                }

                def Cylinder "Petiolule_0"
                {
                    uniform token axis = "Z"
                    double height = 0.01
                    rel material:binding = </World/Plant_1/Materials/Leaf>
                    double radius = 0.0008224343
                    matrix4d xformOp:transform = ( (-0.6191710914800982, -0.785256110753265, 0, 0), (0.17263565866262628, -0.13612247996387788, 0.9755345200486782, 0), (-0.766044443118978, 0.6040227735550537, 0.2198463103929542, 0), (-0.003830222215594889, 0.02495782164913981, 0.04677039219241151, 1) )
                    uniform token[] xformOpOrder = ["xformOp:transform"]
                }

                def Mesh "Blade_0"
                {
                    int[] faceVertexCounts = [3, 3]
                    int[] faceVertexIndices = [0, 1, 2, 0, 2, 3]
                    rel material:binding = </World/Plant_1/Materials/Leaf>
                    point3f[] points = [(-0.005329411, 0, 0), (0.005329411, 0, 0), (0.005329411, 0.017764704, 0), (-0.005329411, 0.017764704, 0)]
                    uniform token subdivisionScheme = "none"
                    matrix4d xformOp:transform = ( (0.6191710914800982, 0.785256110753265, -0, 0), (-0.766044443118978, 0.6040227735550537, 0.2198463103929542, 0), (0.17263565866262628, -0.13612247996387788, 0.9755345200486782, 0), (-0.007660444431189779, 0.027977935516915076, 0.04786962374437628, 1) )
                    uniform token[] xformOpOrder = ["xformOp:transform"]
                }

                def Cylinder "Petiolule_1"
                {
                    uniform token axis = "Z"
                    double height = 0.01
                    rel material:binding = </World/Plant_1/Materials/Leaf>
                    double radius = 0.0008224343
                    matrix4d xformOp:transform = ( (-0.6191710914800982, 0.785256110753265, 0, 0), (-0.17263565866262628, -0.13612247996387788, 0.9755345200486782, 0), (0.766044443118978, 0.6040227735550537, 0.2198463103929542, 0), (0.0038302222155948916, 0.02495782164913981, 0.04677039219241151, 1) )
                    uniform token[] xformOpOrder = ["xformOp:transform"]
                }

                def Mesh "Blade_1"
                {
                    int[] faceVertexCounts = [3, 3]
                    int[] faceVertexIndices = [0, 1, 2, 0, 2, 3]
                    rel material:binding = </World/Plant_1/Materials/Leaf>
                    point3f[] points = [(-0.005329411, 0, 0), (0.005329411, 0, 0), (0.005329411, 0.017764704, 0), (-0.005329411, 0.017764704, 0)]
                    uniform token subdivisionScheme = "none"
                    matrix4d xformOp:transform = ( (0.6191710914800982, -0.785256110753265, 0, 0), (0.766044443118978, 0.6040227735550537, 0.2198463103929542, 0), (-0.17263565866262628, -0.13612247996387788, 0.9755345200486782, 0), (0.007660444431189782, 0.027977935516915076, 0.04786962374437628, 1) )
                    uniform token[] xformOpOrder = ["xformOp:transform"]
                }

                def Cylinder "Petiolule_2"
                {
                    uniform token axis = "Z"
                    double height = 0.01
                    rel material:binding = </World/Plant_1/Materials/Leaf>
                    double radius = 0.0008224343
                    matrix4d xformOp:transform = ( (-0.6191710914800982, -0.785256110753265, 0, 0), (0.17263565866262628, -0.13612247996387788, 0.9755345200486782, 0), (-0.766044443118978, 0.6040227735550537, 0.2198463103929542, 0), (-0.0038302222155948873, 0.05453712767689515, 0.05753637913676531, 1) )
                    uniform token[] xformOpOrder = ["xformOp:transform"]
                }

                def Mesh "Blade_2"
                {
                    int[] faceVertexCounts = [3, 3]
                    int[] faceVertexIndices = [0, 1, 2, 0, 2, 3]
                    rel material:binding = </World/Plant_1/Materials/Leaf>
                    point3f[] points = [(-0.005329411, 0, 0), (0.005329411, 0, 0), (0.005329411, 0.017764704, 0), (-0.005329411, 0.017764704, 0)]
                    uniform token subdivisionScheme = "none"
                    matrix4d xformOp:transform = ( (0.6191710914800982, 0.785256110753265, -0, 0), (-0.766044443118978, 0.6040227735550537, 0.2198463103929542, 0), (0.17263565866262628, -0.13612247996387788, 0.9755345200486782, 0), (-0.007660444431189777, 0.05755724154467042, 0.058635610688730085, 1) )
                    uniform token[] xformOpOrder = ["xformOp:transform"]
                }

                def Cylinder "Petiolule_3"
                {
                    uniform token axis = "Z"
                    double height = 0.01
                    rel material:binding = </World/Plant_1/Materials/Leaf>
                    double radius = 0.0008224343
                    matrix4d xformOp:transform = ( (-0.6191710914800982, 0.785256110753265, 0, 0), (-0.17263565866262628, -0.13612247996387788, 0.9755345200486782, 0), (0.766044443118978, 0.6040227735550537, 0.2198463103929542, 0), (0.0038302222155948934, 0.05453712767689515, 0.05753637913676531, 1) )
                    uniform token[] xformOpOrder = ["xformOp:transform"]
                }

                def Mesh "Blade_3"
                {
                    int[] faceVertexCounts = [3, 3]
                    int[] faceVertexIndices = [0, 1, 2, 0, 2, 3]
                    rel material:binding = </World/Plant_1/Materials/Leaf>
                    point3f[] points = [(-0.005329411, 0, 0), (0.005329411, 0, 0), (0.005329411, 0.017764704, 0), (-0.005329411, 0.017764704, 0)]
                    uniform token subdivisionScheme = "none"
                    matrix4d xformOp:transform = ( (0.6191710914800982, -0.785256110753265, 0, 0), (0.766044443118978, 0.6040227735550537, 0.2198463103929542, 0), (-0.17263565866262628, -0.13612247996387788, 0.9755345200486782, 0), (0.007660444431189784, 0.05755724154467042, 0.058635610688730085, 1) )
                    uniform token[] xformOpOrder = ["xformOp:transform"]
                }

                def Mesh "Blade_4"
                {
                    int[] faceVertexCounts = [3, 3]
                    int[] faceVertexIndices = [0, 1, 2, 0, 2, 3]
                    rel material:binding = </World/Plant_1/Materials/Leaf>
                    point3f[] points = [(-0.005329411, 0, 0), (0.005329411, 0, 0), (0.005329411, 0.017764704, 0), (-0.005329411, 0.017764704, 0)]
                    uniform token subdivisionScheme = "none"
                    matrix4d xformOp:transform = ( (1, -6.123233995736766e-17, 0, 0), (5.753957801139251e-17, 0.9396926207859084, 0.3420201433256687, 0), (-2.094269368838496e-17, -0.3420201433256687, 0.9396926207859084, 0), (4.6596606700277946e-18, 0.07609803370689464, 0.0653839071554958, 1) )
                    uniform token[] xformOpOrder = ["xformOp:transform"]
                }
            }

            def Xform "Leaf_o1_r4_i1"
            {
                def Cylinder "Petiole"
                {
                    uniform token axis = "Z"
                    double height = 0.024815176
                    rel material:binding = </World/Plant_1/Materials/Leaf>
                    double radius = 0.00215943975
                    matrix4d xformOp:transform = ( (-1, 6.123233995736766e-17, 0, 0), (-2.094269368838496e-17, -0.3420201433256687, 0.9396926207859084, 0), (5.753957801139251e-17, 0.9396926207859084, 0.3420201433256687, 0), (7.139273776592177e-19, 0.011659318885351789, 0.04193013302608584, 1) )
                    uniform token[] xformOpOrder = ["xformOp:transform"]
                }

                def Cylinder "Rachis"
                {
                    uniform token axis = "Z"
                    double height = 0.05705017
                    rel material:binding = </World/Plant_1/Materials/Leaf>
                    double radius = 0.00129566385
                    matrix4d xformOp:transform = ( (-1, 6.123233995736766e-17, 0, 0), (-2.094269368838496e-17, -0.3420201433256687, 0.9396926207859084, 0), (5.753957801139251e-17, 0.9396926207859084, 0.3420201433256687, 0), (3.0691761089575375e-18, 0.05012344965249438, 0.05592993171224858, 1) )
                    uniform token[] xformOpOrder = ["xformOp:transform"]
                }

                def Cylinder "Petiolule_0"
                {
                    uniform token axis = "Z"
                    double height = 0.01
                    rel material:binding = </World/Plant_1/Materials/Leaf>
                    double radius = 0.0008637759000000001
                    matrix4d xformOp:transform = ( (-0.6191710914800982, -0.785256110753265, 0, 0), (0.17263565866262628, -0.13612247996387788, 0.9755345200486782, 0), (-0.766044443118978, 0.6040227735550537, 0.2198463103929542, 0), (-0.003830222215594889, 0.026338751638478847, 0.04727300960413647, 1) )
                    uniform token[] xformOpOrder = ["xformOp:transform"]
                }

                def Mesh "Blade_0"
                {
                    int[] faceVertexCounts = [3, 3]
                    int[] faceVertexIndices = [0, 1, 2, 0, 2, 3]
                    rel material:binding = </World/Plant_1/Materials/Leaf>
                    point3f[] points = [(-0.006343841, 0, 0), (0.006343841, 0, 0), (0.006343841, 0.021146137, 0), (-0.006343841, 0.021146137, 0)]
                    uniform token subdivisionScheme = "none"
                    matrix4d xformOp:transform = ( (0.6191710914800982, 0.785256110753265, -0, 0), (-0.766044443118978, 0.6040227735550537, 0.2198463103929542, 0), (0.17263565866262628, -0.13612247996387788, 0.9755345200486782, 0), (-0.007660444431189779, 0.029358865506254113, 0.04837224115610124, 1) )
                    uniform token[] xformOpOrder = ["xformOp:transform"]
                }

                def Cylinder "Petiolule_1"
                {
                    uniform token axis = "Z"
                    double height = 0.01
                    rel material:binding = </World/Plant_1/Materials/Leaf>
                    double radius = 0.0008637759000000001
                    matrix4d xformOp:transform = ( (-0.6191710914800982, 0.785256110753265, 0, 0), (-0.17263565866262628, -0.13612247996387788, 0.9755345200486782, 0), (0.766044443118978, 0.6040227735550537, 0.2198463103929542, 0), (0.0038302222155948916, 0.026338751638478847, 0.04727300960413647, 1) )
                    uniform token[] xformOpOrder = ["xformOp:transform"]
                }

                def Mesh "Blade_1"
                {
                    int[] faceVertexCounts = [3, 3]
                    int[] faceVertexIndices = [0, 1, 2, 0, 2, 3]
                    rel material:binding = </World/Plant_1/Materials/Leaf>
                    point3f[] points = [(-0.006343841, 0, 0), (0.006343841, 0, 0), (0.006343841, 0.021146137, 0), (-0.006343841, 0.021146137, 0)]
                    uniform token subdivisionScheme = "none"
                    matrix4d xformOp:transform = ( (0.6191710914800982, -0.785256110753265, 0, 0), (0.766044443118978, 0.6040227735550537, 0.2198463103929542, 0), (-0.17263565866262628, -0.13612247996387788, 0.9755345200486782, 0), (0.007660444431189782, 0.029358865506254113, 0.04837224115610124, 1) )
                    uniform token[] xformOpOrder = ["xformOp:transform"]
                }

                def Cylinder "Petiolule_2"
                {
                    uniform token axis = "Z"
                    double height = 0.01
                    rel material:binding = </World/Plant_1/Materials/Leaf>
                    double radius = 0.0008637759000000001
                    matrix4d xformOp:transform = ( (-0.6191710914800982, -0.785256110753265, 0, 0), (0.17263565866262628, -0.13612247996387788, 0.9755345200486782, 0), (-0.766044443118978, 0.6040227735550537, 0.2198463103929542, 0), (-0.003830222215594887, 0.05913295285431935, 0.059209122703238914, 1) )
                    uniform token[] xformOpOrder = ["xformOp:transform"]
                }

                def Mesh "Blade_2"
                {
                    int[] faceVertexCounts = [3, 3]
                    int[] faceVertexIndices = [0, 1, 2, 0, 2, 3]
                    rel material:binding = </World/Plant_1/Materials/Leaf>
                    point3f[] points = [(-0.006343841, 0, 0), (0.006343841, 0, 0), (0.006343841, 0.021146137, 0), (-0.006343841, 0.021146137, 0)]
                    uniform token subdivisionScheme = "none"
                    matrix4d xformOp:transform = ( (0.6191710914800982, 0.785256110753265, -0, 0), (-0.766044443118978, 0.6040227735550537, 0.2198463103929542, 0), (0.17263565866262628, -0.13612247996387788, 0.9755345200486782, 0), (-0.007660444431189777, 0.06215306672209462, 0.060308354255203686, 1) )
                    uniform token[] xformOpOrder = ["xformOp:transform"]
                }

                def Cylinder "Petiolule_3"
                {
                    uniform token axis = "Z"
