#usda 1.0
(
    metersPerUnit = 1
    upAxis = "Z"
)

def "World"
{
    def Xform "Plant_1"
    {
        def Xform "Stem"
        {
            def Cylinder "Internode_o0_r0" (
                prepend apiSchemas = ["PhysicsRigidBodyAPI", "PhysicsMassAPI", "PhysicsCollisionAPI"]
            )
            {
                uniform token axis = "Z"
                double height = 0.009271495
                rel material:binding = </World/Plant_1/Materials/Stem>
                float physics:mass = 0.00027181275
                double radius = 0.00322005907193045
                matrix4d xformOp:transform = ( (1, 0, 0, 0), (0, 1, 0, 0), (0, 0, 1, 0), (0, 0, 0.0046357475, 1) )
                uniform token[] xformOpOrder = ["xformOp:transform"]
            }

            def Cylinder "Internode_o0_r1" (
                prepend apiSchemas = ["PhysicsRigidBodyAPI", "PhysicsMassAPI", "PhysicsCollisionAPI"]
            )
            {
                uniform token axis = "Z"
                double height = 0.010039136
                rel material:binding = </World/Plant_1/Materials/Stem>
                float physics:mass = 0.00031708815
                double radius = 0.00334230173118375
                matrix4d xformOp:transform = ( (1, 0, 0, 0), (0, 1, 0, 0), (0, 0, 1, 0), (0, 0, 0.014291063, 1) )
                uniform token[] xformOpOrder = ["xformOp:transform"]
            }

            def Cylinder "Internode_o0_r2" (
                prepend apiSchemas = ["PhysicsRigidBodyAPI", "PhysicsMassAPI", "PhysicsCollisionAPI"]
            )
            {
                uniform token axis = "Z"
                double height = 0.014434277
                rel material:binding = </World/Plant_1/Materials/Stem>
                float physics:mass = 0.00064063823
                double radius = 0.00396198407625605
                matrix4d xformOp:transform = ( (1, 0, 0, 0), (0, 1, 0, 0), (0, 0, 1, 0), (0, 0, 0.026527769500000003, 1) )
                uniform token[] xformOpOrder = ["xformOp:transform"]
            }

            def Cylinder "Internode_o0_r3" (
                prepend apiSchemas = ["PhysicsRigidBodyAPI", "PhysicsMassAPI", "PhysicsCollisionAPI"]
            )
            {
                uniform token axis = "Z"
                double height = 0.013826799
                rel material:binding = </World/Plant_1/Materials/Stem>
                float physics:mass = 0.00058944867
                double radius = 0.00388298741759735
                matrix4d xformOp:transform = ( (1, 0, 0, 0), (0, 1, 0, 0), (0, 0, 1, 0), (0, 0, 0.040658307500000004, 1) )
                uniform token[] xformOpOrder = ["xformOp:transform"]
            }

            def Cylinder "Internode_o0_r4" (
                prepend apiSchemas = ["PhysicsRigidBodyAPI", "PhysicsMassAPI", "PhysicsCollisionAPI"]
            )
            {
                uniform token axis = "Z"
                double height = 0.01245055
                rel material:binding = </World/Plant_1/Materials/Stem>
                float physics:mass = 0.00048112386
                double radius = 0.0036969024302018
                matrix4d xformOp:transform = ( (1, 0, 0, 0), (0, 1, 0, 0), (0, 0, 1, 0), (0, 0, 0.05379698200000001, 1) )
                uniform token[] xformOpOrder = ["xformOp:transform"]
            }

            def Cylinder "Internode_o0_r5" (
                prepend apiSchemas = ["PhysicsRigidBodyAPI", "PhysicsMassAPI", "PhysicsCollisionAPI"]
            )
            {
                uniform token axis = "Z"
                double height = 0.009898501
                rel material:binding = </World/Plant_1/Materials/Stem>
                float physics:mass = 0.00030854138
                double radius = 0.00332028832343925
                matrix4d xformOp:transform = ( (1, 0, 0, 0), (0, 1, 0, 0), (0, 0, 1, 0), (0, 0, 0.0649715075, 1) )
                uniform token[] xformOpOrder = ["xformOp:transform"]
            }

            def Cylinder "Internode_o0_r6" (
                prepend apiSchemas = ["PhysicsRigidBodyAPI", "PhysicsMassAPI", "PhysicsCollisionAPI"]
            )
            {
                uniform token axis = "Z"
                double height = 0.012836234
                rel material:binding = </World/Plant_1/Materials/Stem>
                float physics:mass = 0.0002136518
                double radius = 0.0024262652752295
                matrix4d xformOp:transform = ( (1, 0, 0, 0), (0, 1, 0, 0), (0, 0, 1, 0), (0, 0, 0.076338875, 1) )
                uniform token[] xformOpOrder = ["xformOp:transform"]
            }
        }

        def Xform "Roots"
        {
            def Sphere "Root"
            {
                rel material:binding = </World/Plant_1/Materials/Root>
                double radius = 0.005
                matrix4d xformOp:transform = ( (1, 0, 0, 0), (0, 1, 0, 0), (0, 0, 1, 0), (0, 0, -0.005, 1) )
                uniform token[] xformOpOrder = ["xformOp:transform"]
            }
        }

        def Xform "Materials"
        {
            def Material "Stem"
            {
                token outputs:surface.connect = </World/Plant_1/Materials/Stem/Shader.outputs:surface>

                def Shader "Shader"
                {
                    uniform token info:id = "UsdPreviewSurface"
                    color3f inputs:diffuseColor = (0.45, 0.3, 0.1)
                    float inputs:metallic = 0
                    float inputs:roughness = 0.6
                    token outputs:surface
                }
            }

            def Material "Root"
            {
                token outputs:surface.connect = </World/Plant_1/Materials/Root/Shader.outputs:surface>

                def Shader "Shader"
                {
                    uniform token info:id = "UsdPreviewSurface"
                    color3f inputs:diffuseColor = (0.55, 0.35, 0.15)
                    float inputs:metallic = 0
                    float inputs:roughness = 0.6
                    token outputs:surface
                }
            }

            def Material "Leaf"
            {
                token outputs:surface.connect = </World/Plant_1/Materials/Leaf/Shader.outputs:surface>

                def Shader "Shader"
                {
                    uniform token info:id = "UsdPreviewSurface"
                    color3f inputs:diffuseColor = (0.15, 0.55, 0.1)
                    float inputs:metallic = 0
                    float inputs:roughness = 0.6
                    token outputs:surface
                }
            }

            def Material "Pedicel"
            {
                token outputs:surface.connect = </World/Plant_1/Materials/Pedicel/Shader.outputs:surface>

                def Shader "Shader"
                {
                    uniform token info:id = "UsdPreviewSurface"
                    color3f inputs:diffuseColor = (0.2, 0.5, 0.1)
                    float inputs:metallic = 0
                    float inputs:roughness = 0.6
                    token outputs:surface
                }
            }

            def Material "Fruit"
            {
                token outputs:surface.connect = </World/Plant_1/Materials/Fruit/Shader.outputs:surface>

                def Shader "Shader"
                {
                    uniform token info:id = "UsdPreviewSurface"
                    color3f inputs:diffuseColor = (0.9, 0.15, 0.05)
                    float inputs:metallic = 0
                    float inputs:roughness = 0.6
                    token outputs:surface
                }
            }
        }

        def Xform "Joints"
        {
            def PhysicsFixedJoint "GroundAnchor"
            {
                rel physics:body1 = </World/Plant_1/Stem/Internode_o0_r0>
            }

            def PhysicsSphericalJoint "Joint_o0_r1" (
                prepend apiSchemas = ["PhysicsDriveAPI:rotX", "PhysicsDriveAPI:rotY"]
            )
            {
                float drive:rotX:physics:damping = 50
                float drive:rotX:physics:stiffness = 700
                float drive:rotX:physics:targetPosition = 0
                uniform token drive:rotX:physics:type = "force"
                float drive:rotY:physics:damping = 50
                float drive:rotY:physics:stiffness = 700
                float drive:rotY:physics:targetPosition = 0
                uniform token drive:rotY:physics:type = "force"
                rel physics:body0 = </World/Plant_1/Stem/Internode_o0_r0>
                rel physics:body1 = </World/Plant_1/Stem/Internode_o0_r1>
                float physics:coneAngle0Limit = 25
                float physics:coneAngle1Limit = 25
                point3f physics:localPos0 = (0, 0, 0.0046357475)
                point3f physics:localPos1 = (0, 0, 0)
            }

            def PhysicsSphericalJoint "Joint_o0_r2" (
                prepend apiSchemas = ["PhysicsDriveAPI:rotX", "PhysicsDriveAPI:rotY"]
            )
            {
                float drive:rotX:physics:damping = 50
                float drive:rotX:physics:stiffness = 600
                float drive:rotX:physics:targetPosition = 0
                uniform token drive:rotX:physics:type = "force"
                float drive:rotY:physics:damping = 50
                float drive:rotY:physics:stiffness = 600
                float drive:rotY:physics:targetPosition = 0
                uniform token drive:rotY:physics:type = "force"
                rel physics:body0 = </World/Plant_1/Stem/Internode_o0_r1>
                rel physics:body1 = </World/Plant_1/Stem/Internode_o0_r2>
                float physics:coneAngle0Limit = 25
                float physics:coneAngle1Limit = 25
                point3f physics:localPos0 = (0, 0, 0.005019568)
                point3f physics:localPos1 = (0, 0, 0)
            }

            def PhysicsSphericalJoint "Joint_o0_r3" (
                prepend apiSchemas = ["PhysicsDriveAPI:rotX", "PhysicsDriveAPI:rotY"]
            )
            {
                float drive:rotX:physics:damping = 50
                float drive:rotX:physics:stiffness = 500
                float drive:rotX:physics:targetPosition = 0
                uniform token drive:rotX:physics:type = "force"
                float drive:rotY:physics:damping = 50
                float drive:rotY:physics:stiffness = 500
                float drive:rotY:physics:targetPosition = 0
                uniform token drive:rotY:physics:type = "force"
                rel physics:body0 = </World/Plant_1/Stem/Internode_o0_r2>
                rel physics:body1 = </World/Plant_1/Stem/Internode_o0_r3>
                float physics:coneAngle0Limit = 25
                float physics:coneAngle1Limit = 25
                point3f physics:localPos0 = (0, 0, 0.0072171385)
                point3f physics:localPos1 = (0, 0, 0)
            }

            def PhysicsSphericalJoint "Joint_o0_r4" (
                prepend apiSchemas = ["PhysicsDriveAPI:rotX", "PhysicsDriveAPI:rotY"]
            )
            {
                float drive:rotX:physics:damping = 50
                float drive:rotX:physics:stiffness = 400
                float drive:rotX:physics:targetPosition = 0
                uniform token drive:rotX:physics:type = "force"
                float drive:rotY:physics:damping = 50
                float drive:rotY:physics:stiffness = 400
                float drive:rotY:physics:targetPosition = 0
                uniform token drive:rotY:physics:type = "force"
                rel physics:body0 = </World/Plant_1/Stem/Internode_o0_r3>
                rel physics:body1 = </World/Plant_1/Stem/Internode_o0_r4>
                float physics:coneAngle0Limit = 25
                float physics:coneAngle1Limit = 25
                point3f physics:localPos0 = (0, 0, 0.0069133993)
                point3f physics:localPos1 = (0, 0, 0)
            }

            def PhysicsSphericalJoint "Joint_o0_r5" (
                prepend apiSchemas = ["PhysicsDriveAPI:rotX", "PhysicsDriveAPI:rotY"]
            )
            {
                float drive:rotX:physics:damping = 50
                float drive:rotX:physics:stiffness = 300
                float drive:rotX:physics:targetPosition = 0
                uniform token drive:rotX:physics:type = "force"
                float drive:rotY:physics:damping = 50
                float drive:rotY:physics:stiffness = 300
                float drive:rotY:physics:targetPosition = 0
                uniform token drive:rotY:physics:type = "force"
                rel physics:body0 = </World/Plant_1/Stem/Internode_o0_r4>
                rel physics:body1 = </World/Plant_1/Stem/Internode_o0_r5>
                float physics:coneAngle0Limit = 25
                float physics:coneAngle1Limit = 25
                point3f physics:localPos0 = (0, 0, 0.006225275)
                point3f physics:localPos1 = (0, 0, 0)
            }

            def PhysicsSphericalJoint "Joint_o0_r6" (
                prepend apiSchemas = ["PhysicsDriveAPI:rotX", "PhysicsDriveAPI:rotY"]
            )
            {
                float drive:rotX:physics:damping = 50
                float drive:rotX:physics:stiffness = 200
                float drive:rotX:physics:targetPosition = 0
                uniform token drive:rotX:physics:type = "force"
                float drive:rotY:physics:damping = 50
                float drive:rotY:physics:stiffness = 200
                float drive:rotY:physics:targetPosition = 0
                uniform token drive:rotY:physics:type = "force"
                rel physics:body0 = </World/Plant_1/Stem/Internode_o0_r5>
                rel physics:body1 = </World/Plant_1/Stem/Internode_o0_r6>
                float physics:coneAngle0Limit = 25
                float physics:coneAngle1Limit = 25
                point3f physics:localPos0 = (0, 0, 0.0049492507)
                point3f physics:localPos1 = (0, 0, 0)
            }
        }

        def Xform "Leaves"
        {
            def Xform "Leaf_o0_r6_i0"
            {
                def Cylinder "Petiole"
                {
                    uniform token axis = "Z"
                    double height = 0.010267913
                    rel material:binding = </World/Plant_1/Materials/Leaf>
                    double radius = 0.001062788
                    matrix4d xformOp:transform = ( (-0.9659258262890683, -0.25881904510252085, 0, 0), (0.0885213269013769, -0.33036608954935215, 0.9396926207859085, 0), (-0.24321034680169407, 0.9076733711903687, 0.3420201433256687, 0), (-0.0012486313408298115, 0.004659955603899707, 0.08451290853795775, 1) )
                    uniform token[] xformOpOrder = ["xformOp:transform"]
                }

                def Cylinder "Rachis"
                {
                    uniform token axis = "Z"
                    double height = 0.025755005
                    rel material:binding = </World/Plant_1/Materials/Leaf>
                    double radius = 0.0006376728
                    matrix4d xformOp:transform = ( (-0.9659258262890683, -0.25881904510252085, 0, 0), (0.0885213269013769, -0.33036608954935215, 0.9396926207859085, 0), (-0.24321034680169407, 0.9076733711903687, 0.3420201433256687, 0), (-0.005629204530624305, 0.021008477314486816, 0.09067319032664216, 1) )
                    uniform token[] xformOpOrder = ["xformOp:transform"]
                }

                def Cylinder "Petiolule_0"
                {
                    uniform token axis = "Z"
                    double height = 0.01
                    rel material:binding = </World/Plant_1/Materials/Leaf>
                    double radius = 0.00042511520000000007
                    matrix4d xformOp:transform = ( (-0.3948341114061387, -0.9187524282798522, 0, 0), (0.20198433152189277, -0.08680282260992023, 0.9755345200486782, 0), (-0.8962747091655432, 0.38517430536943387, 0.2198463103929542, 0), (-0.006978636227487339, 0.011245782734646582, 0.08736805662788028, 1) )
                    uniform token[] xformOpOrder = ["xformOp:transform"]
                }

                def Mesh "Blade_0"
                {
                    int[] faceVertexCounts = [3, 3]
                    int[] faceVertexIndices = [0, 1, 2, 0, 2, 3]
                    rel material:binding = </World/Plant_1/Materials/Leaf>
                    point3f[] points = [(-0.00043192395, 0, 0), (0.00043192395, 0, 0), (0.00043192395, 0.0014397465, 0), (-0.00043192395, 0.0014397465, 0)]
                    uniform token subdivisionScheme = "none"
                    matrix4d xformOp:transform = ( (0.3948341114061387, 0.9187524282798522, -0, 0), (-0.8962747091655432, 0.38517430536943387, 0.2198463103929542, 0), (0.20198433152189277, -0.08680282260992023, 0.9755345200486782, 0), (-0.011460009773315055, 0.013171654261493752, 0.08846728817984505, 1) )
                    uniform token[] xformOpOrder = ["xformOp:transform"]
                }

                def Cylinder "Petiolule_1"
                {
                    uniform token axis = "Z"
                    double height = 0.01
                    rel material:binding = </World/Plant_1/Materials/Leaf>
                    double radius = 0.00042511520000000007
                    matrix4d xformOp:transform = ( (-0.8013125848982975, 0.5982458869759231, 0, 0), (-0.13152215095941697, -0.17616561526133157, 0.9755345200486782, 0), (0.5836095142221529, 0.7817080879177263, 0.2198463103929542, 0), (0.00042078488945114165, 0.013228451647388045, 0.08736805662788028, 1) )
                    uniform token[] xformOpOrder = ["xformOp:transform"]
                }

                def Mesh "Blade_1"
                {
                    int[] faceVertexCounts = [3, 3]
                    int[] faceVertexIndices = [0, 1, 2, 0, 2, 3]
                    rel material:binding = </World/Plant_1/Materials/Leaf>
                    point3f[] points = [(-0.00043192395, 0, 0), (0.00043192395, 0, 0), (0.00043192395, 0.0014397465, 0), (-0.00043192395, 0.0014397465, 0)]
                    uniform token subdivisionScheme = "none"
                    matrix4d xformOp:transform = ( (0.8013125848982975, -0.5982458869759231, 0, 0), (0.5836095142221529, 0.7817080879177263, 0.2198463103929542, 0), (-0.13152215095941697, -0.17616561526133157, 0.9755345200486782, 0), (0.0033388324605619062, 0.017136992086976676, 0.08846728817984505, 1) )
                    uniform token[] xformOpOrder = ["xformOp:transform"]
                }

                def Cylinder "Petiolule_2"
                {
                    uniform token axis = "Z"
                    double height = 0.01
                    rel material:binding = </World/Plant_1/Materials/Leaf>
                    double radius = 0.00042511520000000007
                    matrix4d xformOp:transform = ( (-0.3948341114061387, -0.9187524282798522, 0, 0), (0.20198433152189277, -0.08680282260992023, 0.9755345200486782, 0), (-0.8962747091655432, 0.38517430536943387, 0.2198463103929542, 0), (-0.008534397850439399, 0.017051964155969483, 0.08955588218818218, 1) )
                    uniform token[] xformOpOrder = ["xformOp:transform"]
                }

                def Mesh "Blade_2"
                {
                    int[] faceVertexCounts = [3, 3]
                    int[] faceVertexIndices = [0, 1, 2, 0, 2, 3]
                    rel material:binding = </World/Plant_1/Materials/Leaf>
                    point3f[] points = [(-0.00043192395, 0, 0), (0.00043192395, 0, 0), (0.00043192395, 0.0014397465, 0), (-0.00043192395, 0.0014397465, 0)]
                    uniform token subdivisionScheme = "none"
                    matrix4d xformOp:transform = ( (0.3948341114061387, 0.9187524282798522, -0, 0), (-0.8962747091655432, 0.38517430536943387, 0.2198463103929542, 0), (0.20198433152189277, -0.08680282260992023, 0.9755345200486782, 0), (-0.013015771396267115, 0.018977835682816652, 0.09065511374014695, 1) )
                    uniform token[] xformOpOrder = ["xformOp:transform"]
                }

                def Cylinder "Petiolule_3"
                {
                    uniform token axis = "Z"
                    double height = 0.01
                    rel material:binding = </World/Plant_1/Materials/Leaf>
                    double radius = 0.00042511520000000007
                    matrix4d xformOp:transform = ( (-0.8013125848982975, 0.5982458869759231, 0, 0), (-0.13152215095941697, -0.17616561526133157, 0.9755345200486782, 0), (0.5836095142221529, 0.7817080879177263, 0.2198463103929542, 0), (-0.0011349767335009182, 0.019034633068710945, 0.08955588218818218, 1) )
                    uniform token[] xformOpOrder = ["xformOp:transform"]
                }

                def Mesh "Blade_3"
                {
                    int[] faceVertexCounts = [3, 3]
                    int[] faceVertexIndices = [0, 1, 2, 0, 2, 3]
                    rel material:binding = </World/Plant_1/Materials/Leaf>
                    point3f[] points = [(-0.00043192395, 0, 0), (0.00043192395, 0, 0), (0.00043192395, 0.0014397465, 0), (-0.00043192395, 0.0014397465, 0)]
                    uniform token subdivisionScheme = "none"
                    matrix4d xformOp:transform = ( (0.8013125848982975, -0.5982458869759231, 0, 0), (0.5836095142221529, 0.7817080879177263, 0.2198463103929542, 0), (-0.13152215095941697, -0.17616561526133157, 0.9755345200486782, 0), (0.0017830708376098464, 0.022943173508299577, 0.09065511374014695, 1) )
                    uniform token[] xformOpOrder = ["xformOp:transform"]
                }

                def Cylinder "Petiolule_4"
                {
                    uniform token axis = "Z"
                    double height = 0.01
                    rel material:binding = </World/Plant_1/Materials/Leaf>
                    double radius = 0.00042511520000000007
                    matrix4d xformOp:transform = ( (-0.3948341114061387, -0.9187524282798522, 0, 0), (0.20198433152189277, -0.08680282260992023, 0.9755345200486782, 0), (-0.8962747091655432, 0.38517430536943387, 0.2198463103929542, 0), (-0.01009015947339146, 0.02285814557729238, 0.0917437077484841, 1) )
                    uniform token[] xformOpOrder = ["xformOp:transform"]
                }

                def Mesh "Blade_4"
                {
                    int[] faceVertexCounts = [3, 3]
                    int[] faceVertexIndices = [0, 1, 2, 0, 2, 3]
                    rel material:binding = </World/Plant_1/Materials/Leaf>
                    point3f[] points = [(-0.00043192395, 0, 0), (0.00043192395, 0, 0), (0.00043192395, 0.0014397465, 0), (-0.00043192395, 0.0014397465, 0)]
                    uniform token subdivisionScheme = "none"
                    matrix4d xformOp:transform = ( (0.3948341114061387, 0.9187524282798522, -0, 0), (-0.8962747091655432, 0.38517430536943387, 0.2198463103929542, 0), (0.20198433152189277, -0.08680282260992023, 0.9755345200486782, 0), (-0.014571533019219174, 0.02478401710413955, 0.09284293930044887, 1) )
                    uniform token[] xformOpOrder = ["xformOp:transform"]
                }

                def Cylinder "Petiolule_5"
                {
                    uniform token axis = "Z"
                    double height = 0.01
                    rel material:binding = </World/Plant_1/Materials/Leaf>
                    double radius = 0.00042511520000000007
                    matrix4d xformOp:transform = ( (-0.8013125848982975, 0.5982458869759231, 0, 0), (-0.13152215095941697, -0.17616561526133157, 0.9755345200486782, 0), (0.5836095142221529, 0.7817080879177263, 0.2198463103929542, 0), (-0.002690738356452978, 0.024840814490033843, 0.0917437077484841, 1) )
                    uniform token[] xformOpOrder = ["xformOp:transform"]
                }

                def Mesh "Blade_5"
                {
                    int[] faceVertexCounts = [3, 3]
                    int[] faceVertexIndices = [0, 1, 2, 0, 2, 3]
                    rel material:binding = </World/Plant_1/Materials/Leaf>
                    point3f[] points = [(-0.00043192395, 0, 0), (0.00043192395, 0, 0), (0.00043192395, 0.0014397465, 0), (-0.00043192395, 0.0014397465, 0)]
                    uniform token subdivisionScheme = "none"
                    matrix4d xformOp:transform = ( (0.8013125848982975, -0.5982458869759231, 0, 0), (0.5836095142221529, 0.7817080879177263, 0.2198463103929542, 0), (-0.13152215095941697, -0.17616561526133157, 0.9755345200486782, 0), (0.00022730921465778653, 0.028749354929622474, 0.09284293930044887, 1) )
                    uniform token[] xformOpOrder = ["xformOp:transform"]
                }

                def Mesh "Blade_6"
                {
                    int[] faceVertexCounts = [3, 3]
                    int[] faceVertexIndices = [0, 1, 2, 0, 2, 3]
                    rel material:binding = </World/Plant_1/Materials/Leaf>
                    point3f[] points = [(-0.00043199954, 0, 0), (0.00043199954, 0, 0), (0.00043199954, 0.0014399985, 0), (-0.00043199954, 0.0014399985, 0)]
                    uniform token subdivisionScheme = "none"
                    matrix4d xformOp:transform = ( (0.9659258262890683, 0.25881904510252085, -0, 0), (-0.24321034680169407, 0.9076733711903687, 0.3420201433256687, 0), (0.0885213269013769, -0.33036608954935215, 0.9396926207859085, 0), (-0.007696747160206864, 0.02872465145490348, 0.09358071969700377, 1) )
                    uniform token[] xformOpOrder = ["xformOp:transform"]
                }
            }

            def Xform "Leaf_o0_r5_i0"
            {
                def Cylinder "Petiole"
                {
                    uniform token axis = "Z"
                    double height = 0.019940017
                    rel material:binding = </World/Plant_1/Materials/Leaf>
                    double radius = 0.0018114395
                    matrix4d xformOp:transform = ( (0.5372996083468242, 0.8433914458128855, -0, 0), (-0.28845686317656605, 0.1837672890556065, 0.9396926207859086, 0), (0.7925287180643269, -0.5048964771146695, 0.3420201433256687, 0), (0.007901518055595443, -0.00503382216845331, 0.07333070173612813, 1) )
                    uniform token[] xformOpOrder = ["xformOp:transform"]
                }

                def Cylinder "Rachis"
                {
                    uniform token axis = "Z"
                    double height = 0.06445022
                    rel material:binding = </World/Plant_1/Materials/Leaf>
                    double radius = 0.0010868637
                    matrix4d xformOp:transform = ( (0.5372996083468242, 0.8433914458128855, -0, 0), (-0.28845686317656605, 0.1837672890556065, 0.9396926207859086, 0), (0.7925287180643269, -0.5048964771146695, 0.3420201433256687, 0), (0.04134236122897281, -0.026337988850539326, 0.08776228221314171, 1) )
                    uniform token[] xformOpOrder = ["xformOp:transform"]
                }

                def Cylinder "Petiolule_0"
                {
                    uniform token axis = "Z"
                    double height = 0.01
                    rel material:binding = </World/Plant_1/Materials/Leaf>
                    double radius = 0.0007245758
                    matrix4d xformOp:transform = ( (-0.3295979016296671, 0.944121402808622, 0, 0), (-0.20756160697049564, -0.07246088258654218, 0.9755345200486782, 0), (0.9210230195565939, 0.32153413077534876, 0.2198463103929542, 0), (0.020408151208973855, -0.008459973683029875, 0.07783987702422104, 1) )
                    uniform token[] xformOpOrder = ["xformOp:transform"]
                }

                def Mesh "Blade_0"
                {
                    int[] faceVertexCounts = [3, 3]
                    int[] faceVertexIndices = [0, 1, 2, 0, 2, 3]
                    rel material:binding = </World/Plant_1/Materials/Leaf>
                    point3f[] points = [(-0.0028717176, 0, 0), (0.0028717176, 0, 0), (0.0028717176, 0.009572391, 0), (-0.0028717176, 0.009572391, 0)]
                    uniform token subdivisionScheme = "none"
                    matrix4d xformOp:transform = ( (0.3295979016296671, -0.944121402808622, 0, 0), (0.9210230195565939, 0.32153413077534876, 0.2198463103929542, 0), (-0.20756160697049564, -0.07246088258654218, 0.9755345200486782, 0), (0.025013266306756828, -0.006852303029153132, 0.07893910857618582, 1) )
                    uniform token[] xformOpOrder = ["xformOp:transform"]
                }

                def Cylinder "Petiolule_1"
                {
                    uniform token axis = "Z"
                    double height = 0.01
                    rel material:binding = </World/Plant_1/Materials/Leaf>
                    double radius = 0.0007245758
                    matrix4d xformOp:transform = ( (0.9949586715335319, 0.10028580128926272, -0, 0), (-0.022047463398245377, 0.2187379929301222, 0.9755345200486784, 0), (0.09783226102841802, -0.9706165301027345, 0.2198463103929542, 0), (0.016292197416332976, -0.014920726987420292, 0.07783987702422104, 1) )
                    uniform token[] xformOpOrder = ["xformOp:transform"]
                }

                def Mesh "Blade_1"
                {
                    int[] faceVertexCounts = [3, 3]
                    int[] faceVertexIndices = [0, 1, 2, 0, 2, 3]
                    rel material:binding = </World/Plant_1/Materials/Leaf>
                    point3f[] points = [(-0.0028717176, 0, 0), (0.0028717176, 0, 0), (0.0028717176, 0.009572391, 0), (-0.0028717176, 0.009572391, 0)]
                    uniform token subdivisionScheme = "none"
                    matrix4d xformOp:transform = ( (-0.9949586715335319, -0.10028580128926272, 0, 0), (0.09783226102841802, -0.9706165301027345, 0.2198463103929542, 0), (-0.022047463398245377, 0.2187379929301222, 0.9755345200486784, 0), (0.016781358721475067, -0.019773809637933966, 0.07893910857618582, 1) )
                    uniform token[] xformOpOrder = ["xformOp:transform"]
                }

                def Cylinder "Petiolule_2"
                {
                    uniform token axis = "Z"
                    double height = 0.01
                    rel material:binding = </World/Plant_1/Materials/Leaf>
                    double radius = 0.0007245758
                    matrix4d xformOp:transform = ( (-0.3295979016296671, 0.944121402808622, 0, 0), (-0.20756160697049564, -0.07246088258654218, 0.9755345200486782, 0), (0.9210230195565939, 0.32153413077534876, 0.2198463103929542, 0), (0.035973182228314124, -0.018375992053997713, 0.08455705208521504, 1) )
                    uniform token[] xformOpOrder = ["xformOp:transform"]
                }

                def Mesh "Blade_2"
                {
                    int[] faceVertexCounts = [3, 3]
                    int[] faceVertexIndices = [0, 1, 2, 0, 2, 3]
                    rel material:binding = </World/Plant_1/Materials/Leaf>
                    point3f[] points = [(-0.0028717176, 0, 0), (0.0028717176, 0, 0), (0.0028717176, 0.009572391, 0), (-0.0028717176, 0.009572391, 0)]
                    uniform token subdivisionScheme = "none"
                    matrix4d xformOp:transform = ( (0.3295979016296671, -0.944121402808622, 0, 0), (0.9210230195565939, 0.32153413077534876, 0.2198463103929542, 0), (-0.20756160697049564, -0.07246088258654218, 0.9755345200486782, 0), (0.04057829732609709, -0.016768321400120967, 0.08565628363717981, 1) )
                    uniform token[] xformOpOrder = ["xformOp:transform"]
                }

                def Cylinder "Petiolule_3"
                {
                    uniform token axis = "Z"
                    double height = 0.01
                    rel material:binding = </World/Plant_1/Materials/Leaf>
                    double radius = 0.0007245758
                    matrix4d xformOp:transform = ( (0.9949586715335319, 0.10028580128926272, -0, 0), (-0.022047463398245377, 0.2187379929301222, 0.9755345200486784, 0), (0.09783226102841802, -0.9706165301027345, 0.2198463103929542, 0), (0.03185722843567324, -0.02483674535838813, 0.08455705208521504, 1) )
                    uniform token[] xformOpOrder = ["xformOp:transform"]
                }

                def Mesh "Blade_3"
                {
                    int[] faceVertexCounts = [3, 3]
                    int[] faceVertexIndices = [0, 1, 2, 0, 2, 3]
                    rel material:binding = </World/Plant_1/Materials/Leaf>
                    point3f[] points = [(-0.0028717176, 0, 0), (0.0028717176, 0, 0), (0.0028717176, 0.009572391, 0), (-0.0028717176, 0.009572391, 0)]
                    uniform token subdivisionScheme = "none"
                    matrix4d xformOp:transform = ( (-0.9949586715335319, -0.10028580128926272, 0, 0), (0.09783226102841802, -0.9706165301027345, 0.2198463103929542, 0), (-0.022047463398245377, 0.2187379929301222, 0.9755345200486784, 0), (0.032346389740815336, -0.0296898280089018, 0.08565628363717981, 1) )
                    uniform token[] xformOpOrder = ["xformOp:transform"]
                }

                def Cylinder "Petiolule_4"
                {
                    uniform token axis = "Z"
                    double height = 0.01
                    rel material:binding = </World/Plant_1/Materials/Leaf>
                    double radius = 0.0007245758
                    matrix4d xformOp:transform = ( (-0.3295979016296671, 0.944121402808622, 0, 0), (-0.20756160697049564, -0.07246088258654218, 0.9755345200486782, 0), (0.9210230195565939, 0.32153413077534876, 0.2198463103929542, 0), (0.051538213247654396, -0.028292010424965548, 0.09127422714620903, 1) )
                    uniform token[] xformOpOrder = ["xformOp:transform"]
                }

                def Mesh "Blade_4"
                {
                    int[] faceVertexCounts = [3, 3]
                    int[] faceVertexIndices = [0, 1, 2, 0, 2, 3]
                    rel material:binding = </World/Plant_1/Materials/Leaf>
                    point3f[] points = [(-0.0028717176, 0, 0), (0.0028717176, 0, 0), (0.0028717176, 0.009572391, 0), (-0.0028717176, 0.009572391, 0)]
                    uniform token subdivisionScheme = "none"
                    matrix4d xformOp:transform = ( (0.3295979016296671, -0.944121402808622, 0, 0), (0.9210230195565939, 0.32153413077534876, 0.2198463103929542, 0), (-0.20756160697049564, -0.07246088258654218, 0.9755345200486782, 0), (0.056143328345437366, -0.026684339771088805, 0.0923734586981738, 1) )
                    uniform token[] xformOpOrder = ["xformOp:transform"]
                }

                def Cylinder "Petiolule_5"
                {
                    uniform token axis = "Z"
                    double height = 0.01
                    rel material:binding = </World/Plant_1/Materials/Leaf>
                    double radius = 0.0007245758
                    matrix4d xformOp:transform = ( (0.9949586715335319, 0.10028580128926272, -0, 0), (-0.022047463398245377, 0.2187379929301222, 0.9755345200486784, 0), (0.09783226102841802, -0.9706165301027345, 0.2198463103929542, 0), (0.047422259455013514, -0.034752763729355964, 0.09127422714620903, 1) )
                    uniform token[] xformOpOrder = ["xformOp:transform"]
                }

                def Mesh "Blade_5"
                {
                    int[] faceVertexCounts = [3, 3]
                    int[] faceVertexIndices = [0, 1, 2, 0, 2, 3]
                    rel material:binding = </World/Plant_1/Materials/Leaf>
                    point3f[] points = [(-0.0028717176, 0, 0), (0.0028717176, 0, 0), (0.0028717176, 0.009572391, 0), (-0.0028717176, 0.009572391, 0)]
                    uniform token subdivisionScheme = "none"
                    matrix4d xformOp:transform = ( (-0.9949586715335319, -0.10028580128926272, 0, 0), (0.09783226102841802, -0.9706165301027345, 0.2198463103929542, 0), (-0.022047463398245377, 0.2187379929301222, 0.9755345200486784, 0), (0.04791142076015561, -0.039605846379869636, 0.0923734586981738, 1) )
                    uniform token[] xformOpOrder = ["xformOp:transform"]
                }

                def Mesh "Blade_6"
                {
                    int[] faceVertexCounts = [3, 3]
                    int[] faceVertexIndices = [0, 1, 2, 0, 2, 3]
                    rel material:binding = </World/Plant_1/Materials/Leaf>
                    point3f[] points = [(-0.00287222, 0, 0), (0.00287222, 0, 0), (0.00287222, 0.009574067, 0), (-0.00287222, 0.009574067, 0)]
                    uniform token subdivisionScheme = "none"
                    matrix4d xformOp:transform = ( (-0.5372996083468242, -0.8433914458128855, 0, 0), (0.7925287180643269, -0.5048964771146695, 0.3420201433256687, 0), (-0.28845686317656605, 0.1837672890556065, 0.9396926207859086, 0), (0.06395931489505936, -0.04074657742126409, 0.09752275342150123, 1) )
                    uniform token[] xformOpOrder = ["xformOp:transform"]
                }
            }

            def Xform "Leaf_o0_r4_i0"
            {
                def Cylinder "Petiole"
                {
                    uniform token axis = "Z"
                    double height = 0.025047252
                    rel material:binding = </World/Plant_1/Materials/Leaf>
                    double radius = 0.00217565
                    matrix4d xformOp:transform = ( (0.17364817766693047, -0.984807753012208, 0, 0), (0.33682408883346515, 0.05939117461388475, 0.9396926207859084, 0), (-0.9254165783983234, -0.16317591116653496, 0.3420201433256687, 0), (-0.01158957112206028, -0.0020435540836589074, 0.06430558935947707, 1) )
                    uniform token[] xformOpOrder = ["xformOp:transform"]
                }

                def Cylinder "Rachis"
                {
                    uniform token axis = "Z"
                    double height = 0.089367285
                    rel material:binding = </World/Plant_1/Materials/Leaf>
                    double radius = 0.0013053899999999998
                    matrix4d xformOp:transform = ( (0.17364817766693047, -0.984807753012208, 0, 0), (0.33682408883346515, 0.05939117461388475, 0.9396926207859084, 0), (-0.9254165783983234, -0.16317591116653496, 0.3420201433256687, 0), (-0.06453012579684447, -0.011378402246495022, 0.08387162753111709, 1) )
                    uniform token[] xformOpOrder = ["xformOp:transform"]
                }

                def Cylinder "Petiolule_0"
                {
                    uniform token axis = "Z"
                    double height = 0.01
                    rel material:binding = </World/Plant_1/Materials/Leaf>
                    double radius = 0.00087026
                    matrix4d xformOp:transform = ( (0.8808442376695917, -0.4734061986965059, 0, 0), (0.10407660610058059, 0.19365035568255418, 0.9755345200486781, 0), (-0.4618240888334651, -0.8592939606326491, 0.2198463103929542, 0), (-0.025488262688287886, -0.00838357797048106, 0.06968815327091891, 1) )
                    uniform token[] xformOpOrder = ["xformOp:transform"]
                }

                def Mesh "Blade_0"
                {
                    int[] faceVertexCounts = [3, 3]
                    int[] faceVertexIndices = [0, 1, 2, 0, 2, 3]
                    rel material:binding = </World/Plant_1/Materials/Leaf>
                    point3f[] points = [(-0.0055057504, 0, 0), (0.0055057504, 0, 0), (0.0055057504, 0.018352503, 0), (-0.0055057504, 0.018352503, 0)]
                    uniform token subdivisionScheme = "none"
                    matrix4d xformOp:transform = ( (-0.8808442376695917, 0.4734061986965059, 0, 0), (-0.4618240888334651, -0.8592939606326491, 0.2198463103929542, 0), (0.10407660610058059, 0.19365035568255418, 0.9755345200486781, 0), (-0.027797383132455212, -0.012680047773644306, 0.07078738482288369, 1) )
                    uniform token[] xformOpOrder = ["xformOp:transform"]
                }

                def Cylinder "Petiolule_1"
                {
                    uniform token axis = "Z"
                    double height = 0.01
                    rel material:binding = </World/Plant_1/Materials/Leaf>
