#usda 1.0
(
    metersPerUnit = 1
    upAxis = "Z"
)

def "World"
{
    def Xform "Plant_1"
    {
        def Xform "Stem"
        {
            def Cylinder "Internode_o0_r0" (
                prepend apiSchemas = ["PhysicsRigidBodyAPI", "PhysicsMassAPI", "PhysicsCollisionAPI"]
            )
            {
                uniform token axis = "Z"
                double height = 0.009271495
                rel material:binding = </World/Plant_1/Materials/Stem>
                float physics:mass = 0.00027181275
                double radius = 0.0032200590719306
                matrix4d xformOp:transform = ( (1, 0, 0, 0), (0, 1, 0, 0), (0, 0, 1, 0), (0, 0, 0.0046357475, 1) )
                uniform token[] xformOpOrder = ["xformOp:transform"]
            }

            def Cylinder "Internode_o0_r1" (
                prepend apiSchemas = ["PhysicsRigidBodyAPI", "PhysicsMassAPI", "PhysicsCollisionAPI"]
            )
            {
                uniform token axis = "Z"
                double height = 0.010039136
                rel material:binding = </World/Plant_1/Materials/Stem>
                float physics:mass = 0.00031708815
                double radius = 0.0033423017311839
                matrix4d xformOp:transform = ( (1, 0, 0, 0), (0, 1, 0, 0), (0, 0, 1, 0), (0, 0, 0.014291063, 1) )
                uniform token[] xformOpOrder = ["xformOp:transform"]
            }

            def Cylinder "Internode_o0_r2" (
                prepend apiSchemas = ["PhysicsRigidBodyAPI", "PhysicsMassAPI", "PhysicsCollisionAPI"]
            )
            {
                uniform token axis = "Z"
                double height = 0.016521482
                rel material:binding = </World/Plant_1/Materials/Stem>
                float physics:mass = 0.00083217485
                double radius = 0.00422072051203025
                matrix4d xformOp:transform = ( (1, 0, 0, 0), (0, 1, 0, 0), (0, 0, 1, 0), (0, 0, 0.027571372000000004, 1) )
                uniform token[] xformOpOrder = ["xformOp:transform"]
            }

            def Cylinder "Internode_o0_r3" (
                prepend apiSchemas = ["PhysicsRigidBodyAPI", "PhysicsMassAPI", "PhysicsCollisionAPI"]
            )
            {
                uniform token axis = "Z"
                double height = 0.017101102
                rel material:binding = </World/Plant_1/Materials/Stem>
                float physics:mass = 0.0008896487
                double radius = 0.00428944428698625
                matrix4d xformOp:transform = ( (1, 0, 0, 0), (0, 1, 0, 0), (0, 0, 1, 0), (0, 0, 0.044382664, 1) )
                uniform token[] xformOpOrder = ["xformOp:transform"]
            }

            def Cylinder "Internode_o0_r4" (
                prepend apiSchemas = ["PhysicsRigidBodyAPI", "PhysicsMassAPI", "PhysicsCollisionAPI"]
            )
            {
                uniform token axis = "Z"
                double height = 0.017163334
                rel material:binding = </World/Plant_1/Materials/Stem>
                float physics:mass = 0.0008959299
                double radius = 0.0042967489964745
                matrix4d xformOp:transform = ( (1, 0, 0, 0), (0, 1, 0, 0), (0, 0, 1, 0), (0, 0, 0.061514882, 1) )
                uniform token[] xformOpOrder = ["xformOp:transform"]
            }

            def Cylinder "Internode_o0_r5" (
                prepend apiSchemas = ["PhysicsRigidBodyAPI", "PhysicsMassAPI", "PhysicsCollisionAPI"]
            )
            {
                uniform token axis = "Z"
                double height = 0.017294025
                rel material:binding = </World/Plant_1/Materials/Stem>
                float physics:mass = 0.00090919004
                double radius = 0.0043120431971284
                matrix4d xformOp:transform = ( (1, 0, 0, 0), (0, 1, 0, 0), (0, 0, 1, 0), (0, 0, 0.07874356149999999, 1) )
                uniform token[] xformOpOrder = ["xformOp:transform"]
            }

            def Cylinder "Internode_o0_r6" (
                prepend apiSchemas = ["PhysicsRigidBodyAPI", "PhysicsMassAPI", "PhysicsCollisionAPI"]
            )
            {
                uniform token axis = "Z"
                double height = 0.039448373
                rel material:binding = </World/Plant_1/Materials/Stem>
                float physics:mass = 0.0021083145
                double radius = 0.0043476739468617
                matrix4d xformOp:transform = ( (1, 0, 0, 0), (0, 1, 0, 0), (0, 0, 1, 0), (0, 0, 0.1071147605, 1) )
                uniform token[] xformOpOrder = ["xformOp:transform"]
            }

            def Cylinder "Internode_o0_r7" (
                prepend apiSchemas = ["PhysicsRigidBodyAPI", "PhysicsMassAPI", "PhysicsCollisionAPI"]
            )
            {
                uniform token axis = "Z"
                double height = 0.03981448
                rel material:binding = </World/Plant_1/Materials/Stem>
                float physics:mass = 0.0021484045
                double radius = 0.0043685901398694
                matrix4d xformOp:transform = ( (1, 0, 0, 0), (0, 1, 0, 0), (0, 0, 1, 0), (0, 0, 0.146746187, 1) )
                uniform token[] xformOpOrder = ["xformOp:transform"]
            }

            def Cylinder "Internode_o0_r8" (
                prepend apiSchemas = ["PhysicsRigidBodyAPI", "PhysicsMassAPI", "PhysicsCollisionAPI"]
            )
            {
                uniform token axis = "Z"
                double height = 0.039392572
                rel material:binding = </World/Plant_1/Materials/Stem>
                float physics:mass = 0.0021022381
                double radius = 0.00434447788904145
                matrix4d xformOp:transform = ( (1, 0, 0, 0), (0, 1, 0, 0), (0, 0, 1, 0), (0, 0, 0.18634971300000003, 1) )
                uniform token[] xformOpOrder = ["xformOp:transform"]
            }

            def Cylinder "Internode_o0_r9" (
                prepend apiSchemas = ["PhysicsRigidBodyAPI", "PhysicsMassAPI", "PhysicsCollisionAPI"]
            )
            {
                uniform token axis = "Z"
                double height = 0.03748752
                rel material:binding = </World/Plant_1/Materials/Stem>
                float physics:mass = 0.0019001407
                double radius = 0.00423402410365195
                matrix4d xformOp:transform = ( (1, 0, 0, 0), (0, 1, 0, 0), (0, 0, 1, 0), (0, 0, 0.22478975900000003, 1) )
                uniform token[] xformOpOrder = ["xformOp:transform"]
            }

            def Cylinder "Internode_o1_r1" (
                prepend apiSchemas = ["PhysicsRigidBodyAPI", "PhysicsMassAPI", "PhysicsCollisionAPI"]
            )
            {
                uniform token axis = "Z"
                double height = 0.032656483
                rel material:binding = </World/Plant_1/Materials/Stem>
                float physics:mass = 0.0014342032
                double radius = 0.0039411635741168
                matrix4d xformOp:transform = ( (1, 0, 0, 0), (0, 1, 0, 0), (0, 0, 1, 0), (0, 0, 0.025599736499999998, 1) )
                uniform token[] xformOpOrder = ["xformOp:transform"]
            }

            def Cylinder "Internode_o1_r2" (
                prepend apiSchemas = ["PhysicsRigidBodyAPI", "PhysicsMassAPI", "PhysicsCollisionAPI"]
            )
            {
                uniform token axis = "Z"
                double height = 0.032547664
                rel material:binding = </World/Plant_1/Materials/Stem>
                float physics:mass = 0.0014244752
                double radius = 0.0039343350476091
                matrix4d xformOp:transform = ( (1, 0, 0, 0), (0, 1, 0, 0), (0, 0, 1, 0), (0, 0, 0.025545327, 1) )
                uniform token[] xformOpOrder = ["xformOp:transform"]
            }

            def Cylinder "Internode_o1_r3" (
                prepend apiSchemas = ["PhysicsRigidBodyAPI", "PhysicsMassAPI", "PhysicsCollisionAPI"]
            )
            {
                uniform token axis = "Z"
                double height = 0.031871744
                rel material:binding = </World/Plant_1/Materials/Stem>
                float physics:mass = 0.001364806
                double radius = 0.00389167304863975
                matrix4d xformOp:transform = ( (1, 0, 0, 0), (0, 1, 0, 0), (0, 0, 1, 0), (0, 0, 0.025207367, 1) )
                uniform token[] xformOpOrder = ["xformOp:transform"]
            }

            def Cylinder "Internode_o1_r4" (
                prepend apiSchemas = ["PhysicsRigidBodyAPI", "PhysicsMassAPI", "PhysicsCollisionAPI"]
            )
            {
                uniform token axis = "Z"
                double height = 0.030831248
                rel material:binding = </World/Plant_1/Materials/Stem>
                float physics:mass = 0.001275494
                double radius = 0.0038251411105363
                matrix4d xformOp:transform = ( (1, 0, 0, 0), (0, 1, 0, 0), (0, 0, 1, 0), (0, 0, 0.024687119, 1) )
                uniform token[] xformOpOrder = ["xformOp:transform"]
            }
        }

        def Xform "Roots"
        {
            def Sphere "Root"
            {
                rel material:binding = </World/Plant_1/Materials/Root>
                double radius = 0.005
                matrix4d xformOp:transform = ( (1, 0, 0, 0), (0, 1, 0, 0), (0, 0, 1, 0), (0, 0, -0.005, 1) )
                uniform token[] xformOpOrder = ["xformOp:transform"]
            }
        }

        def Xform "Materials"
        {
            def Material "Stem"
            {
                token outputs:surface.connect = </World/Plant_1/Materials/Stem/Shader.outputs:surface>

                def Shader "Shader"
                {
                    uniform token info:id = "UsdPreviewSurface"
                    color3f inputs:diffuseColor = (0.45, 0.3, 0.1)
                    float inputs:metallic = 0
                    float inputs:roughness = 0.6
                    token outputs:surface
                }
            }

            def Material "Root"
            {
                token outputs:surface.connect = </World/Plant_1/Materials/Root/Shader.outputs:surface>

                def Shader "Shader"
                {
                    uniform token info:id = "UsdPreviewSurface"
                    color3f inputs:diffuseColor = (0.55, 0.35, 0.15)
                    float inputs:metallic = 0
                    float inputs:roughness = 0.6
                    token outputs:surface
                }
            }

            def Material "Leaf"
            {
                token outputs:surface.connect = </World/Plant_1/Materials/Leaf/Shader.outputs:surface>

                def Shader "Shader"
                {
                    uniform token info:id = "UsdPreviewSurface"
                    color3f inputs:diffuseColor = (0.15, 0.55, 0.1)
                    float inputs:metallic = 0
                    float inputs:roughness = 0.6
                    token outputs:surface
                }
            }

            def Material "Pedicel"
            {
                token outputs:surface.connect = </World/Plant_1/Materials/Pedicel/Shader.outputs:surface>

                def Shader "Shader"
                {
                    uniform token info:id = "UsdPreviewSurface"
                    color3f inputs:diffuseColor = (0.2, 0.5, 0.1)
                    float inputs:metallic = 0
                    float inputs:roughness = 0.6
                    token outputs:surface
                }
            }

            def Material "FruitRipe"
            {
                token outputs:surface.connect = </World/Plant_1/Materials/FruitRipe/Shader.outputs:surface>

                def Shader "Shader"
                {
                    uniform token info:id = "UsdPreviewSurface"
                    color3f inputs:diffuseColor = (0.9, 0.17, 0.1)
                    float inputs:metallic = 0
                    float inputs:roughness = 0.6
                    token outputs:surface
                }
            }

            def Material "FruitUnripe"
            {
                token outputs:surface.connect = </World/Plant_1/Materials/FruitUnripe/Shader.outputs:surface>

                def Shader "Shader"
                {
                    uniform token info:id = "UsdPreviewSurface"
                    color3f inputs:diffuseColor = (0.45, 0.58, 0.25)
                    float inputs:metallic = 0
                    float inputs:roughness = 0.6
                    token outputs:surface
                }
            }
        }

        def Xform "Joints"
        {
            def PhysicsFixedJoint "GroundAnchor"
            {
                rel physics:body1 = </World/Plant_1/Stem/Internode_o0_r0>
            }

            def PhysicsSphericalJoint "Joint_o0_r1" (
                prepend apiSchemas = ["PhysicsDriveAPI:rotX", "PhysicsDriveAPI:rotY"]
            )
            {
                float drive:rotX:physics:damping = 50
                float drive:rotX:physics:stiffness = 764.7059
                float drive:rotX:physics:targetPosition = 0
                uniform token drive:rotX:physics:type = "force"
                float drive:rotY:physics:damping = 50
                float drive:rotY:physics:stiffness = 764.7059
                float drive:rotY:physics:targetPosition = 0
                uniform token drive:rotY:physics:type = "force"
                rel physics:body0 = </World/Plant_1/Stem/Internode_o0_r0>
                rel physics:body1 = </World/Plant_1/Stem/Internode_o0_r1>
                float physics:coneAngle0Limit = 25
                float physics:coneAngle1Limit = 25
                point3f physics:localPos0 = (0, 0, 0.0046357475)
                point3f physics:localPos1 = (0, 0, 0)
            }

            def PhysicsSphericalJoint "Joint_o0_r2" (
                prepend apiSchemas = ["PhysicsDriveAPI:rotX", "PhysicsDriveAPI:rotY"]
            )
            {
                float drive:rotX:physics:damping = 50
                float drive:rotX:physics:stiffness = 729.41174
                float drive:rotX:physics:targetPosition = 0
                uniform token drive:rotX:physics:type = "force"
                float drive:rotY:physics:damping = 50
                float drive:rotY:physics:stiffness = 729.41174
                float drive:rotY:physics:targetPosition = 0
                uniform token drive:rotY:physics:type = "force"
                rel physics:body0 = </World/Plant_1/Stem/Internode_o0_r1>
                rel physics:body1 = </World/Plant_1/Stem/Internode_o0_r2>
                float physics:coneAngle0Limit = 25
                float physics:coneAngle1Limit = 25
                point3f physics:localPos0 = (0, 0, 0.005019568)
                point3f physics:localPos1 = (0, 0, 0)
            }

            def PhysicsSphericalJoint "Joint_o0_r3" (
                prepend apiSchemas = ["PhysicsDriveAPI:rotX", "PhysicsDriveAPI:rotY"]
            )
            {
                float drive:rotX:physics:damping = 50
                float drive:rotX:physics:stiffness = 694.1177
                float drive:rotX:physics:targetPosition = 0
                uniform token drive:rotX:physics:type = "force"
                float drive:rotY:physics:damping = 50
                float drive:rotY:physics:stiffness = 694.1177
                float drive:rotY:physics:targetPosition = 0
                uniform token drive:rotY:physics:type = "force"
                rel physics:body0 = </World/Plant_1/Stem/Internode_o0_r2>
                rel physics:body1 = </World/Plant_1/Stem/Internode_o0_r3>
                float physics:coneAngle0Limit = 25
                float physics:coneAngle1Limit = 25
                point3f physics:localPos0 = (0, 0, 0.008260741)
                point3f physics:localPos1 = (0, 0, 0)
            }

            def PhysicsSphericalJoint "Joint_o0_r4" (
                prepend apiSchemas = ["PhysicsDriveAPI:rotX", "PhysicsDriveAPI:rotY"]
            )
            {
                float drive:rotX:physics:damping = 50
                float drive:rotX:physics:stiffness = 658.82355
                float drive:rotX:physics:targetPosition = 0
                uniform token drive:rotX:physics:type = "force"
                float drive:rotY:physics:damping = 50
                float drive:rotY:physics:stiffness = 658.82355
                float drive:rotY:physics:targetPosition = 0
                uniform token drive:rotY:physics:type = "force"
                rel physics:body0 = </World/Plant_1/Stem/Internode_o0_r3>
                rel physics:body1 = </World/Plant_1/Stem/Internode_o0_r4>
                float physics:coneAngle0Limit = 25
                float physics:coneAngle1Limit = 25
                point3f physics:localPos0 = (0, 0, 0.008550551)
                point3f physics:localPos1 = (0, 0, 0)
            }

            def PhysicsSphericalJoint "Joint_o0_r5" (
                prepend apiSchemas = ["PhysicsDriveAPI:rotX", "PhysicsDriveAPI:rotY"]
            )
            {
                float drive:rotX:physics:damping = 50
                float drive:rotX:physics:stiffness = 623.5294
                float drive:rotX:physics:targetPosition = 0
                uniform token drive:rotX:physics:type = "force"
                float drive:rotY:physics:damping = 50
                float drive:rotY:physics:stiffness = 623.5294
                float drive:rotY:physics:targetPosition = 0
                uniform token drive:rotY:physics:type = "force"
                rel physics:body0 = </World/Plant_1/Stem/Internode_o0_r4>
                rel physics:body1 = </World/Plant_1/Stem/Internode_o0_r5>
                float physics:coneAngle0Limit = 25
                float physics:coneAngle1Limit = 25
                point3f physics:localPos0 = (0, 0, 0.008581667)
                point3f physics:localPos1 = (0, 0, 0)
            }

            def PhysicsSphericalJoint "Joint_o0_r6" (
                prepend apiSchemas = ["PhysicsDriveAPI:rotX", "PhysicsDriveAPI:rotY"]
            )
            {
                float drive:rotX:physics:damping = 50
                float drive:rotX:physics:stiffness = 588.2353
                float drive:rotX:physics:targetPosition = 0
                uniform token drive:rotX:physics:type = "force"
                float drive:rotY:physics:damping = 50
                float drive:rotY:physics:stiffness = 588.2353
                float drive:rotY:physics:targetPosition = 0
                uniform token drive:rotY:physics:type = "force"
                rel physics:body0 = </World/Plant_1/Stem/Internode_o0_r5>
                rel physics:body1 = </World/Plant_1/Stem/Internode_o0_r6>
                float physics:coneAngle0Limit = 25
                float physics:coneAngle1Limit = 25
                point3f physics:localPos0 = (0, 0, 0.0086470125)
                point3f physics:localPos1 = (0, 0, 0)
            }

            def PhysicsSphericalJoint "Joint_o0_r7" (
                prepend apiSchemas = ["PhysicsDriveAPI:rotX", "PhysicsDriveAPI:rotY"]
            )
            {
                float drive:rotX:physics:damping = 50
                float drive:rotX:physics:stiffness = 552.94116
                float drive:rotX:physics:targetPosition = 0
                uniform token drive:rotX:physics:type = "force"
                float drive:rotY:physics:damping = 50
                float drive:rotY:physics:stiffness = 552.94116
                float drive:rotY:physics:targetPosition = 0
                uniform token drive:rotY:physics:type = "force"
                rel physics:body0 = </World/Plant_1/Stem/Internode_o0_r6>
                rel physics:body1 = </World/Plant_1/Stem/Internode_o0_r7>
                float physics:coneAngle0Limit = 25
                float physics:coneAngle1Limit = 25
                point3f physics:localPos0 = (0, 0, 0.019724187)
                point3f physics:localPos1 = (0, 0, 0)
            }

            def PhysicsSphericalJoint "Joint_o0_r8" (
                prepend apiSchemas = ["PhysicsDriveAPI:rotX", "PhysicsDriveAPI:rotY"]
            )
            {
                float drive:rotX:physics:damping = 50
                float drive:rotX:physics:stiffness = 517.64703
                float drive:rotX:physics:targetPosition = 0
                uniform token drive:rotX:physics:type = "force"
                float drive:rotY:physics:damping = 50
                float drive:rotY:physics:stiffness = 517.64703
                float drive:rotY:physics:targetPosition = 0
                uniform token drive:rotY:physics:type = "force"
                rel physics:body0 = </World/Plant_1/Stem/Internode_o0_r7>
                rel physics:body1 = </World/Plant_1/Stem/Internode_o0_r8>
                float physics:coneAngle0Limit = 25
                float physics:coneAngle1Limit = 25
                point3f physics:localPos0 = (0, 0, 0.01990724)
                point3f physics:localPos1 = (0, 0, 0)
            }

            def PhysicsSphericalJoint "Joint_o0_r9" (
                prepend apiSchemas = ["PhysicsDriveAPI:rotX", "PhysicsDriveAPI:rotY"]
            )
            {
                float drive:rotX:physics:damping = 50
                float drive:rotX:physics:stiffness = 482.35294
                float drive:rotX:physics:targetPosition = 0
                uniform token drive:rotX:physics:type = "force"
                float drive:rotY:physics:damping = 50
                float drive:rotY:physics:stiffness = 482.35294
                float drive:rotY:physics:targetPosition = 0
                uniform token drive:rotY:physics:type = "force"
                rel physics:body0 = </World/Plant_1/Stem/Internode_o0_r8>
                rel physics:body1 = </World/Plant_1/Stem/Internode_o0_r9>
                float physics:coneAngle0Limit = 25
                float physics:coneAngle1Limit = 25
                point3f physics:localPos0 = (0, 0, 0.019696286)
                point3f physics:localPos1 = (0, 0, 0)
            }

            def PhysicsSphericalJoint "Joint_o1_r1" (
                prepend apiSchemas = ["PhysicsDriveAPI:rotX", "PhysicsDriveAPI:rotY"]
            )
            {
                float drive:rotX:physics:damping = 50
                float drive:rotX:physics:stiffness = 411.7647
                float drive:rotX:physics:targetPosition = 0
                uniform token drive:rotX:physics:type = "force"
                float drive:rotY:physics:damping = 50
                float drive:rotY:physics:stiffness = 411.7647
                float drive:rotY:physics:targetPosition = 0
                uniform token drive:rotY:physics:type = "force"
                rel physics:body0 = </World/Plant_1/Stem/Internode_o0_r0>
                rel physics:body1 = </World/Plant_1/Stem/Internode_o1_r1>
                float physics:coneAngle0Limit = 25
                float physics:coneAngle1Limit = 25
                point3f physics:localPos0 = (0, 0, 0.0046357475)
                point3f physics:localPos1 = (0, 0, 0)
            }

            def PhysicsSphericalJoint "Joint_o1_r2" (
                prepend apiSchemas = ["PhysicsDriveAPI:rotX", "PhysicsDriveAPI:rotY"]
            )
            {
                float drive:rotX:physics:damping = 50
                float drive:rotX:physics:stiffness = 341.17648
                float drive:rotX:physics:targetPosition = 0
                uniform token drive:rotX:physics:type = "force"
                float drive:rotY:physics:damping = 50
                float drive:rotY:physics:stiffness = 341.17648
                float drive:rotY:physics:targetPosition = 0
                uniform token drive:rotY:physics:type = "force"
                rel physics:body0 = </World/Plant_1/Stem/Internode_o0_r0>
                rel physics:body1 = </World/Plant_1/Stem/Internode_o1_r2>
                float physics:coneAngle0Limit = 25
                float physics:coneAngle1Limit = 25
                point3f physics:localPos0 = (0, 0, 0.0046357475)
                point3f physics:localPos1 = (0, 0, 0)
            }

            def PhysicsSphericalJoint "Joint_o1_r3" (
                prepend apiSchemas = ["PhysicsDriveAPI:rotX", "PhysicsDriveAPI:rotY"]
            )
            {
                float drive:rotX:physics:damping = 50
                float drive:rotX:physics:stiffness = 270.58823
                float drive:rotX:physics:targetPosition = 0
                uniform token drive:rotX:physics:type = "force"
                float drive:rotY:physics:damping = 50
                float drive:rotY:physics:stiffness = 270.58823
                float drive:rotY:physics:targetPosition = 0
                uniform token drive:rotY:physics:type = "force"
                rel physics:body0 = </World/Plant_1/Stem/Internode_o0_r0>
                rel physics:body1 = </World/Plant_1/Stem/Internode_o1_r3>
                float physics:coneAngle0Limit = 25
                float physics:coneAngle1Limit = 25
                point3f physics:localPos0 = (0, 0, 0.0046357475)
                point3f physics:localPos1 = (0, 0, 0)
            }

            def PhysicsSphericalJoint "Joint_o1_r4" (
                prepend apiSchemas = ["PhysicsDriveAPI:rotX", "PhysicsDriveAPI:rotY"]
            )
            {
                float drive:rotX:physics:damping = 50
                float drive:rotX:physics:stiffness = 200
                float drive:rotX:physics:targetPosition = 0
                uniform token drive:rotX:physics:type = "force"
                float drive:rotY:physics:damping = 50
                float drive:rotY:physics:stiffness = 200
                float drive:rotY:physics:targetPosition = 0
                uniform token drive:rotY:physics:type = "force"
                rel physics:body0 = </World/Plant_1/Stem/Internode_o0_r0>
                rel physics:body1 = </World/Plant_1/Stem/Internode_o1_r4>
                float physics:coneAngle0Limit = 25
                float physics:coneAngle1Limit = 25
                point3f physics:localPos0 = (0, 0, 0.0046357475)
                point3f physics:localPos1 = (0, 0, 0)
            }
        }

        def Xform "Leaves"
        {
            def Xform "Leaf_o1_r4_i0"
            {
                def Cylinder "Petiole"
                {
                    uniform token axis = "Z"
                    double height = 0.02445795
                    rel material:binding = </World/Plant_1/Materials/Leaf>
                    double radius = 0.0021344295
                    matrix4d xformOp:transform = ( (0.17364817766693047, -0.984807753012208, 0, 0), (0.33682408883346515, 0.05939117461388475, 0.9396926207859084, 0), (-0.9254165783983234, -0.16317591116653496, 0.3420201433256687, 0), (-0.011316896201818636, -0.001995474138257777, 0.043450162782226014, 1) )
                    uniform token[] xformOpOrder = ["xformOp:transform"]
                }

                def Cylinder "Rachis"
                {
                    uniform token axis = "Z"
                    double height = 0.05588641
                    rel material:binding = </World/Plant_1/Materials/Leaf>
                    double radius = 0.0012806577
                    matrix4d xformOp:transform = ( (0.17364817766693047, -0.984807753012208, 0, 0), (0.33682408883346515, 0.05939117461388475, 0.9396926207859084, 0), (-0.9254165783983234, -0.16317591116653496, 0.3420201433256687, 0), (-0.04849289756422019, -0.008550606213303828, 0.05718985754353057, 1) )
                    uniform token[] xformOpOrder = ["xformOp:transform"]
                }

                def Cylinder "Petiolule_0"
                {
                    uniform token axis = "Z"
                    double height = 0.01
                    rel material:binding = </World/Plant_1/Materials/Leaf>
                    double radius = 0.0008537718
                    matrix4d xformOp:transform = ( (0.8808442376695917, -0.4734061986965059, 0, 0), (0.10407660610058059, 0.19365035568255418, 0.9755345200486781, 0), (-0.4618240888334651, -0.8592939606326491, 0.2198463103929542, 0), (-0.0249429128478046, -0.0082874180796788, 0.0487319501164168, 1) )
                    uniform token[] xformOpOrder = ["xformOp:transform"]
                }

                def Mesh "Blade_0"
                {
                    int[] faceVertexCounts = [3, 3]
                    int[] faceVertexIndices = [0, 1, 2, 0, 2, 3]
                    rel material:binding = </World/Plant_1/Materials/Leaf>
                    point3f[] points = [(-0.0060866443, 0, 0), (0.0060866443, 0, 0), (0.0060866443, 0.020288814, 0), (-0.0060866443, 0.020288814, 0)]
                    uniform token subdivisionScheme = "none"
                    matrix4d xformOp:transform = ( (-0.8808442376695917, 0.4734061986965059, 0, 0), (-0.4618240888334651, -0.8592939606326491, 0.2198463103929542, 0), (0.10407660610058059, 0.19365035568255418, 0.9755345200486781, 0), (-0.027252033291971924, -0.012583887882842044, 0.049831181668381574, 1) )
                    uniform token[] xformOpOrder = ["xformOp:transform"]
                }

                def Cylinder "Petiolule_1"
                {
                    uniform token axis = "Z"
                    double height = 0.01
                    rel material:binding = </World/Plant_1/Materials/Leaf>
                    double radius = 0.0008537718
                    matrix4d xformOp:transform = ( (-0.665808374270465, -0.7461227839647576, 0, 0), (0.1640323411547712, -0.14637551451209285, 0.9755345200486782, 0), (-0.7278685319524434, 0.6495190528383288, 0.2198463103929542, 0), (-0.02627313506339949, -0.0007433530123239097, 0.0487319501164168, 1) )
                    uniform token[] xformOpOrder = ["xformOp:transform"]
                }

                def Mesh "Blade_1"
                {
                    int[] faceVertexCounts = [3, 3]
                    int[] faceVertexIndices = [0, 1, 2, 0, 2, 3]
                    rel material:binding = </World/Plant_1/Materials/Leaf>
                    point3f[] points = [(-0.0060866443, 0, 0), (0.0060866443, 0, 0), (0.0060866443, 0.020288814, 0), (-0.0060866443, 0.020288814, 0)]
                    uniform token subdivisionScheme = "none"
                    matrix4d xformOp:transform = ( (0.665808374270465, 0.7461227839647576, -0, 0), (-0.7278685319524434, 0.6495190528383288, 0.2198463103929542, 0), (0.1640323411547712, -0.14637551451209285, 0.9755345200486782, 0), (-0.029912477723161707, 0.0025042422518677344, 0.049831181668381574, 1) )
                    uniform token[] xformOpOrder = ["xformOp:transform"]
                }

                def Cylinder "Petiolule_2"
                {
                    uniform token axis = "Z"
                    double height = 0.01
                    rel material:binding = </World/Plant_1/Materials/Leaf>
                    double radius = 0.0008537718
                    matrix4d xformOp:transform = ( (0.8808442376695917, -0.4734061986965059, 0, 0), (0.10407660610058059, 0.19365035568255418, 0.9755345200486781, 0), (-0.4618240888334651, -0.8592939606326491, 0.2198463103929542, 0), (-0.05645703050024953, -0.013844207295025758, 0.06037909723682626, 1) )
                    uniform token[] xformOpOrder = ["xformOp:transform"]
                }

                def Mesh "Blade_2"
                {
                    int[] faceVertexCounts = [3, 3]
                    int[] faceVertexIndices = [0, 1, 2, 0, 2, 3]
                    rel material:binding = </World/Plant_1/Materials/Leaf>
                    point3f[] points = [(-0.0060866443, 0, 0), (0.0060866443, 0, 0), (0.0060866443, 0.020288814, 0), (-0.0060866443, 0.020288814, 0)]
                    uniform token subdivisionScheme = "none"
                    matrix4d xformOp:transform = ( (-0.8808442376695917, 0.4734061986965059, 0, 0), (-0.4618240888334651, -0.8592939606326491, 0.2198463103929542, 0), (0.10407660610058059, 0.19365035568255418, 0.9755345200486781, 0), (-0.05876615094441685, -0.018140677098189003, 0.06147832878879103, 1) )
                    uniform token[] xformOpOrder = ["xformOp:transform"]
                }

                def Cylinder "Petiolule_3"
                {
                    uniform token axis = "Z"
                    double height = 0.01
                    rel material:binding = </World/Plant_1/Materials/Leaf>
                    double radius = 0.0008537718
                    matrix4d xformOp:transform = ( (-0.665808374270465, -0.7461227839647576, 0, 0), (0.1640323411547712, -0.14637551451209285, 0.9755345200486782, 0), (-0.7278685319524434, 0.6495190528383288, 0.2198463103929542, 0), (-0.057787252715844416, -0.006300142227670867, 0.06037909723682626, 1) )
                    uniform token[] xformOpOrder = ["xformOp:transform"]
                }

                def Mesh "Blade_3"
                {
                    int[] faceVertexCounts = [3, 3]
                    int[] faceVertexIndices = [0, 1, 2, 0, 2, 3]
                    rel material:binding = </World/Plant_1/Materials/Leaf>
                    point3f[] points = [(-0.0060866443, 0, 0), (0.0060866443, 0, 0), (0.0060866443, 0.020288814, 0), (-0.0060866443, 0.020288814, 0)]
                    uniform token subdivisionScheme = "none"
                    matrix4d xformOp:transform = ( (0.665808374270465, 0.7461227839647576, -0, 0), (-0.7278685319524434, 0.6495190528383288, 0.2198463103929542, 0), (0.1640323411547712, -0.14637551451209285, 0.9755345200486782, 0), (-0.06142659537560664, -0.0030525469634792232, 0.06147832878879103, 1) )
                    uniform token[] xformOpOrder = ["xformOp:transform"]
                }

                def Mesh "Blade_4"
                {
                    int[] faceVertexCounts = [3, 3]
                    int[] faceVertexIndices = [0, 1, 2, 0, 2, 3]
                    rel material:binding = </World/Plant_1/Materials/Leaf>
                    point3f[] points = [(-0.0060866443, 0, 0), (0.0060866443, 0, 0), (0.0060866443, 0.020288814, 0), (-0.0060866443, 0.020288814, 0)]
                    uniform token subdivisionScheme = "none"
                    matrix4d xformOp:transform = ( (-0.17364817766693047, 0.984807753012208, 0, 0), (-0.9254165783983234, -0.16317591116653496, 0.3420201433256687, 0), (0.33682408883346515, 0.05939117461388475, 0.9396926207859084, 0), (-0.08000701521666513, -0.014107395428650787, 0.06883700466394002, 1) )
                    uniform token[] xformOpOrder = ["xformOp:transform"]
                }
            }

            def Xform "Leaf_o1_r4_i1"
            {
                def Cylinder "Petiole"
                {
                    uniform token axis = "Z"
                    double height = 0.025039371
                    rel material:binding = </World/Plant_1/Materials/Leaf>
                    double radius = 0.00217510015
                    matrix4d xformOp:transform = ( (0.17364817766693047, -0.984807753012208, 0, 0), (0.33682408883346515, 0.05939117461388475, 0.9396926207859084, 0), (-0.9254165783983234, -0.16317591116653496, 0.3420201433256687, 0), (-0.011585924518033103, -0.002042911088980956, 0.04354959162910229, 1) )
                    uniform token[] xformOpOrder = ["xformOp:transform"]
                }

                def Cylinder "Rachis"
                {
                    uniform token axis = "Z"
                    double height = 0.057784855
                    rel material:binding = </World/Plant_1/Materials/Leaf>
                    double radius = 0.0013050600899999999
                    matrix4d xformOp:transform = ( (0.17364817766693047, -0.984807753012208, 0, 0), (0.33682408883346515, 0.05939117461388475, 0.9396926207859084, 0), (-0.9254165783983234, -0.16317591116653496, 0.3420201433256687, 0), (-0.04990938043473783, -0.008800370361087464, 0.057713368452781084, 1) )
                    uniform token[] xformOpOrder = ["xformOp:transform"]
                }

                def Cylinder "Petiolule_0"
                {
                    uniform token axis = "Z"
                    double height = 0.01
                    rel material:binding = </World/Plant_1/Materials/Leaf>
                    double radius = 0.0008700400600000001
                    matrix4d xformOp:transform = ( (0.8808442376695917, -0.4734061986965059, 0, 0), (0.10407660610058059, 0.19365035568255418, 0.9755345200486781, 0), (-0.4618240888334651, -0.8592939606326491, 0.2198463103929542, 0), (-0.025480969480233533, -0.008382291981125157, 0.04893080781016936, 1) )
                    uniform token[] xformOpOrder = ["xformOp:transform"]
                }

                def Mesh "Blade_0"
                {
                    int[] faceVertexCounts = [3, 3]
                    int[] faceVertexIndices = [0, 1, 2, 0, 2, 3]
                    rel material:binding = </World/Plant_1/Materials/Leaf>
                    point3f[] points = [(-0.0065088077, 0, 0), (0.0065088077, 0, 0), (0.0065088077, 0.021696026, 0), (-0.0065088077, 0.021696026, 0)]
                    uniform token subdivisionScheme = "none"
                    matrix4d xformOp:transform = ( (-0.8808442376695917, 0.4734061986965059, 0, 0), (-0.4618240888334651, -0.8592939606326491, 0.2198463103929542, 0), (0.10407660610058059, 0.19365035568255418, 0.9755345200486781, 0), (-0.02779008992440086, -0.012678761784288404, 0.050030039362134134, 1) )
                    uniform token[] xformOpOrder = ["xformOp:transform"]
                }

                def Cylinder "Petiolule_1"
                {
                    uniform token axis = "Z"
                    double height = 0.01
                    rel material:binding = </World/Plant_1/Materials/Leaf>
                    double radius = 0.0008700400600000001
                    matrix4d xformOp:transform = ( (-0.665808374270465, -0.7461227839647576, 0, 0), (0.1640323411547712, -0.14637551451209285, 0.9755345200486782, 0), (-0.7278685319524434, 0.6495190528383288, 0.2198463103929542, 0), (-0.026811191695828424, -0.0008382269137702679, 0.04893080781016936, 1) )
                    uniform token[] xformOpOrder = ["xformOp:transform"]
                }

                def Mesh "Blade_1"
                {
                    int[] faceVertexCounts = [3, 3]
                    int[] faceVertexIndices = [0, 1, 2, 0, 2, 3]
                    rel material:binding = </World/Plant_1/Materials/Leaf>
                    point3f[] points = [(-0.0065088077, 0, 0), (0.0065088077, 0, 0), (0.0065088077, 0.021696026, 0), (-0.0065088077, 0.021696026, 0)]
                    uniform token subdivisionScheme = "none"
                    matrix4d xformOp:transform = ( (0.665808374270465, 0.7461227839647576, -0, 0), (-0.7278685319524434, 0.6495190528383288, 0.2198463103929542, 0), (0.1640323411547712, -0.14637551451209285, 0.9755345200486782, 0), (-0.03045053435559064, 0.0024093683504213762, 0.050030039362134134, 1) )
                    uniform token[] xformOpOrder = ["xformOp:transform"]
                }

                def Cylinder "Petiolule_2"
                {
                    uniform token axis = "Z"
                    double height = 0.01
                    rel material:binding = </World/Plant_1/Materials/Leaf>
                    double radius = 0.0008700400600000001
                    matrix4d xformOp:transform = ( (0.8808442376695917, -0.4734061986965059, 0, 0), (0.10407660610058059, 0.19365035568255418, 0.9755345200486781, 0), (-0.4618240888334651, -0.8592939606326491, 0.2198463103929542, 0), (-0.05827164377758425, -0.01416417257537168, 0.06104975119708798, 1) )
                    uniform token[] xformOpOrder = ["xformOp:transform"]
                }

                def Mesh "Blade_2"
                {
                    int[] faceVertexCounts = [3, 3]
                    int[] faceVertexIndices = [0, 1, 2, 0, 2, 3]
                    rel material:binding = </World/Plant_1/Materials/Leaf>
