#usda 1.0
(
    metersPerUnit = 1
    upAxis = "Z"
)

def "World"
{
    def Xform "Plant_1"
    {
        def Xform "Stem"
        {
            def Cylinder "Internode_o0_r0" (
                prepend apiSchemas = ["PhysicsRigidBodyAPI", "PhysicsMassAPI", "PhysicsCollisionAPI"]
            )
            {
                uniform token axis = "Z"
                double height = 0.009271495
                rel material:binding = </World/Plant_1/Materials/Stem>
                float physics:mass = 0.00027181275
                double radius = 0.00322005907193045
                matrix4d xformOp:transform = ( (1, 0, 0, 0), (0, 1, 0, 0), (0, 0, 1, 0), (0, 0, 0.0046357475, 1) )
                uniform token[] xformOpOrder = ["xformOp:transform"]
            }

            def Cylinder "Internode_o0_r1" (
                prepend apiSchemas = ["PhysicsRigidBodyAPI", "PhysicsMassAPI", "PhysicsCollisionAPI"]
            )
            {
                uniform token axis = "Z"
                double height = 0.010039136
                rel material:binding = </World/Plant_1/Materials/Stem>
                float physics:mass = 0.00031708815
                double radius = 0.00334230173118375
                matrix4d xformOp:transform = ( (1, 0, 0, 0), (0, 1, 0, 0), (0, 0, 1, 0), (0, 0, 0.014291063, 1) )
                uniform token[] xformOpOrder = ["xformOp:transform"]
            }

            def Cylinder "Internode_o0_r2" (
                prepend apiSchemas = ["PhysicsRigidBodyAPI", "PhysicsMassAPI", "PhysicsCollisionAPI"]
            )
            {
                uniform token axis = "Z"
                double height = 0.015789384
                rel material:binding = </World/Plant_1/Materials/Stem>
                float physics:mass = 0.0007622382
                double radius = 0.004132059565591
                matrix4d xformOp:transform = ( (1, 0, 0, 0), (0, 1, 0, 0), (0, 0, 1, 0), (0, 0, 0.027205323000000003, 1) )
                uniform token[] xformOpOrder = ["xformOp:transform"]
            }

            def Cylinder "Internode_o0_r3" (
                prepend apiSchemas = ["PhysicsRigidBodyAPI", "PhysicsMassAPI", "PhysicsCollisionAPI"]
            )
            {
                uniform token axis = "Z"
                double height = 0.01555644
                rel material:binding = </World/Plant_1/Materials/Stem>
                float physics:mass = 0.00074060843
                double radius = 0.00410339220775385
                matrix4d xformOp:transform = ( (1, 0, 0, 0), (0, 1, 0, 0), (0, 0, 1, 0), (0, 0, 0.042878235, 1) )
                uniform token[] xformOpOrder = ["xformOp:transform"]
            }

            def Cylinder "Internode_o0_r4" (
                prepend apiSchemas = ["PhysicsRigidBodyAPI", "PhysicsMassAPI", "PhysicsCollisionAPI"]
            )
            {
                uniform token axis = "Z"
                double height = 0.014613658
                rel material:binding = </World/Plant_1/Materials/Stem>
                float physics:mass = 0.0006561479
                double radius = 0.0039849713835214
                matrix4d xformOp:transform = ( (1, 0, 0, 0), (0, 1, 0, 0), (0, 0, 1, 0), (0, 0, 0.057963284, 1) )
                uniform token[] xformOpOrder = ["xformOp:transform"]
            }

            def Cylinder "Internode_o0_r5" (
                prepend apiSchemas = ["PhysicsRigidBodyAPI", "PhysicsMassAPI", "PhysicsCollisionAPI"]
            )
            {
                uniform token axis = "Z"
                double height = 0.012975355
                rel material:binding = </World/Plant_1/Materials/Stem>
                float physics:mass = 0.0005211771
                double radius = 0.0037690929534579
                matrix4d xformOp:transform = ( (1, 0, 0, 0), (0, 1, 0, 0), (0, 0, 1, 0), (0, 0, 0.07175779049999999, 1) )
                uniform token[] xformOpOrder = ["xformOp:transform"]
            }

            def Cylinder "Internode_o0_r6" (
                prepend apiSchemas = ["PhysicsRigidBodyAPI", "PhysicsMassAPI", "PhysicsCollisionAPI"]
            )
            {
                uniform token axis = "Z"
                double height = 0.025138576
                rel material:binding = </World/Plant_1/Materials/Stem>
                float physics:mass = 0.00084123
                double radius = 0.00344025665628455
                matrix4d xformOp:transform = ( (1, 0, 0, 0), (0, 1, 0, 0), (0, 0, 1, 0), (0, 0, 0.09081475599999998, 1) )
                uniform token[] xformOpOrder = ["xformOp:transform"]
            }

            def Cylinder "Internode_o0_r7" (
                prepend apiSchemas = ["PhysicsRigidBodyAPI", "PhysicsMassAPI", "PhysicsCollisionAPI"]
            )
            {
                uniform token axis = "Z"
                double height = 0.012948515
                rel material:binding = </World/Plant_1/Materials/Stem>
                float physics:mass = 0.00021747984
                double radius = 0.00243726826480245
                matrix4d xformOp:transform = ( (1, 0, 0, 0), (0, 1, 0, 0), (0, 0, 1, 0), (0, 0, 0.10985830149999998, 1) )
                uniform token[] xformOpOrder = ["xformOp:transform"]
            }

            def Cylinder "Internode_o1_r1" (
                prepend apiSchemas = ["PhysicsRigidBodyAPI", "PhysicsMassAPI", "PhysicsCollisionAPI"]
            )
            {
                uniform token axis = "Z"
                double height = 0.017898384
                rel material:binding = </World/Plant_1/Materials/Stem>
                float physics:mass = 0.00042082203
                double radius = 0.002883673827884
                matrix4d xformOp:transform = ( (1, 0, 0, 0), (0, 1, 0, 0), (0, 0, 1, 0), (0, 0, 0.018220687, 1) )
                uniform token[] xformOpOrder = ["xformOp:transform"]
            }
        }

        def Xform "Roots"
        {
            def Sphere "Root"
            {
                rel material:binding = </World/Plant_1/Materials/Root>
                double radius = 0.005
                matrix4d xformOp:transform = ( (1, 0, 0, 0), (0, 1, 0, 0), (0, 0, 1, 0), (0, 0, -0.005, 1) )
                uniform token[] xformOpOrder = ["xformOp:transform"]
            }
        }

        def Xform "Materials"
        {
            def Material "Stem"
            {
                token outputs:surface.connect = </World/Plant_1/Materials/Stem/Shader.outputs:surface>

                def Shader "Shader"
                {
                    uniform token info:id = "UsdPreviewSurface"
                    color3f inputs:diffuseColor = (0.45, 0.3, 0.1)
                    float inputs:metallic = 0
                    float inputs:roughness = 0.6
                    token outputs:surface
                }
            }

            def Material "Root"
            {
                token outputs:surface.connect = </World/Plant_1/Materials/Root/Shader.outputs:surface>

                def Shader "Shader"
                {
                    uniform token info:id = "UsdPreviewSurface"
                    color3f inputs:diffuseColor = (0.55, 0.35, 0.15)
                    float inputs:metallic = 0
                    float inputs:roughness = 0.6
                    token outputs:surface
                }
            }

            def Material "Leaf"
            {
                token outputs:surface.connect = </World/Plant_1/Materials/Leaf/Shader.outputs:surface>

                def Shader "Shader"
                {
                    uniform token info:id = "UsdPreviewSurface"
                    color3f inputs:diffuseColor = (0.15, 0.55, 0.1)
                    float inputs:metallic = 0
                    float inputs:roughness = 0.6
                    token outputs:surface
                }
            }

            def Material "Pedicel"
            {
                token outputs:surface.connect = </World/Plant_1/Materials/Pedicel/Shader.outputs:surface>

                def Shader "Shader"
                {
                    uniform token info:id = "UsdPreviewSurface"
                    color3f inputs:diffuseColor = (0.2, 0.5, 0.1)
                    float inputs:metallic = 0
                    float inputs:roughness = 0.6
                    token outputs:surface
                }
            }

            def Material "Fruit"
            {
                token outputs:surface.connect = </World/Plant_1/Materials/Fruit/Shader.outputs:surface>

                def Shader "Shader"
                {
                    uniform token info:id = "UsdPreviewSurface"
                    color3f inputs:diffuseColor = (0.9, 0.15, 0.05)
                    float inputs:metallic = 0
                    float inputs:roughness = 0.6
                    token outputs:surface
                }
            }
        }

        def Xform "Joints"
        {
            def PhysicsFixedJoint "GroundAnchor"
            {
                rel physics:body1 = </World/Plant_1/Stem/Internode_o0_r0>
            }

            def PhysicsSphericalJoint "Joint_o0_r1" (
                prepend apiSchemas = ["PhysicsDriveAPI:rotX", "PhysicsDriveAPI:rotY"]
            )
            {
                float drive:rotX:physics:damping = 50
                float drive:rotX:physics:stiffness = 725
                float drive:rotX:physics:targetPosition = 0
                uniform token drive:rotX:physics:type = "force"
                float drive:rotY:physics:damping = 50
                float drive:rotY:physics:stiffness = 725
                float drive:rotY:physics:targetPosition = 0
                uniform token drive:rotY:physics:type = "force"
                rel physics:body0 = </World/Plant_1/Stem/Internode_o0_r0>
                rel physics:body1 = </World/Plant_1/Stem/Internode_o0_r1>
                float physics:coneAngle0Limit = 25
                float physics:coneAngle1Limit = 25
                point3f physics:localPos0 = (0, 0, 0.0046357475)
                point3f physics:localPos1 = (0, 0, 0)
            }

            def PhysicsSphericalJoint "Joint_o0_r2" (
                prepend apiSchemas = ["PhysicsDriveAPI:rotX", "PhysicsDriveAPI:rotY"]
            )
            {
                float drive:rotX:physics:damping = 50
                float drive:rotX:physics:stiffness = 650
                float drive:rotX:physics:targetPosition = 0
                uniform token drive:rotX:physics:type = "force"
                float drive:rotY:physics:damping = 50
                float drive:rotY:physics:stiffness = 650
                float drive:rotY:physics:targetPosition = 0
                uniform token drive:rotY:physics:type = "force"
                rel physics:body0 = </World/Plant_1/Stem/Internode_o0_r1>
                rel physics:body1 = </World/Plant_1/Stem/Internode_o0_r2>
                float physics:coneAngle0Limit = 25
                float physics:coneAngle1Limit = 25
                point3f physics:localPos0 = (0, 0, 0.005019568)
                point3f physics:localPos1 = (0, 0, 0)
            }

            def PhysicsSphericalJoint "Joint_o0_r3" (
                prepend apiSchemas = ["PhysicsDriveAPI:rotX", "PhysicsDriveAPI:rotY"]
            )
            {
                float drive:rotX:physics:damping = 50
                float drive:rotX:physics:stiffness = 575
                float drive:rotX:physics:targetPosition = 0
                uniform token drive:rotX:physics:type = "force"
                float drive:rotY:physics:damping = 50
                float drive:rotY:physics:stiffness = 575
                float drive:rotY:physics:targetPosition = 0
                uniform token drive:rotY:physics:type = "force"
                rel physics:body0 = </World/Plant_1/Stem/Internode_o0_r2>
                rel physics:body1 = </World/Plant_1/Stem/Internode_o0_r3>
                float physics:coneAngle0Limit = 25
                float physics:coneAngle1Limit = 25
                point3f physics:localPos0 = (0, 0, 0.007894692)
                point3f physics:localPos1 = (0, 0, 0)
            }

            def PhysicsSphericalJoint "Joint_o0_r4" (
                prepend apiSchemas = ["PhysicsDriveAPI:rotX", "PhysicsDriveAPI:rotY"]
            )
            {
                float drive:rotX:physics:damping = 50
                float drive:rotX:physics:stiffness = 500
                float drive:rotX:physics:targetPosition = 0
                uniform token drive:rotX:physics:type = "force"
                float drive:rotY:physics:damping = 50
                float drive:rotY:physics:stiffness = 500
                float drive:rotY:physics:targetPosition = 0
                uniform token drive:rotY:physics:type = "force"
                rel physics:body0 = </World/Plant_1/Stem/Internode_o0_r3>
                rel physics:body1 = </World/Plant_1/Stem/Internode_o0_r4>
                float physics:coneAngle0Limit = 25
                float physics:coneAngle1Limit = 25
                point3f physics:localPos0 = (0, 0, 0.00777822)
                point3f physics:localPos1 = (0, 0, 0)
            }

            def PhysicsSphericalJoint "Joint_o0_r5" (
                prepend apiSchemas = ["PhysicsDriveAPI:rotX", "PhysicsDriveAPI:rotY"]
            )
            {
                float drive:rotX:physics:damping = 50
                float drive:rotX:physics:stiffness = 425
                float drive:rotX:physics:targetPosition = 0
                uniform token drive:rotX:physics:type = "force"
                float drive:rotY:physics:damping = 50
                float drive:rotY:physics:stiffness = 425
                float drive:rotY:physics:targetPosition = 0
                uniform token drive:rotY:physics:type = "force"
                rel physics:body0 = </World/Plant_1/Stem/Internode_o0_r4>
                rel physics:body1 = </World/Plant_1/Stem/Internode_o0_r5>
                float physics:coneAngle0Limit = 25
                float physics:coneAngle1Limit = 25
                point3f physics:localPos0 = (0, 0, 0.007306829)
                point3f physics:localPos1 = (0, 0, 0)
            }

            def PhysicsSphericalJoint "Joint_o0_r6" (
                prepend apiSchemas = ["PhysicsDriveAPI:rotX", "PhysicsDriveAPI:rotY"]
            )
            {
                float drive:rotX:physics:damping = 50
                float drive:rotX:physics:stiffness = 350
                float drive:rotX:physics:targetPosition = 0
                uniform token drive:rotX:physics:type = "force"
                float drive:rotY:physics:damping = 50
                float drive:rotY:physics:stiffness = 350
                float drive:rotY:physics:targetPosition = 0
                uniform token drive:rotY:physics:type = "force"
                rel physics:body0 = </World/Plant_1/Stem/Internode_o0_r5>
                rel physics:body1 = </World/Plant_1/Stem/Internode_o0_r6>
                float physics:coneAngle0Limit = 25
                float physics:coneAngle1Limit = 25
                point3f physics:localPos0 = (0, 0, 0.0064876773)
                point3f physics:localPos1 = (0, 0, 0)
            }

            def PhysicsSphericalJoint "Joint_o0_r7" (
                prepend apiSchemas = ["PhysicsDriveAPI:rotX", "PhysicsDriveAPI:rotY"]
            )
            {
                float drive:rotX:physics:damping = 50
                float drive:rotX:physics:stiffness = 275
                float drive:rotX:physics:targetPosition = 0
                uniform token drive:rotX:physics:type = "force"
                float drive:rotY:physics:damping = 50
                float drive:rotY:physics:stiffness = 275
                float drive:rotY:physics:targetPosition = 0
                uniform token drive:rotY:physics:type = "force"
                rel physics:body0 = </World/Plant_1/Stem/Internode_o0_r6>
                rel physics:body1 = </World/Plant_1/Stem/Internode_o0_r7>
                float physics:coneAngle0Limit = 25
                float physics:coneAngle1Limit = 25
                point3f physics:localPos0 = (0, 0, 0.012569288)
                point3f physics:localPos1 = (0, 0, 0)
            }

            def PhysicsSphericalJoint "Joint_o1_r1" (
                prepend apiSchemas = ["PhysicsDriveAPI:rotX", "PhysicsDriveAPI:rotY"]
            )
            {
                float drive:rotX:physics:damping = 50
                float drive:rotX:physics:stiffness = 200
                float drive:rotX:physics:targetPosition = 0
                uniform token drive:rotX:physics:type = "force"
                float drive:rotY:physics:damping = 50
                float drive:rotY:physics:stiffness = 200
                float drive:rotY:physics:targetPosition = 0
                uniform token drive:rotY:physics:type = "force"
                rel physics:body0 = </World/Plant_1/Stem/Internode_o0_r0>
                rel physics:body1 = </World/Plant_1/Stem/Internode_o1_r1>
                float physics:coneAngle0Limit = 25
                float physics:coneAngle1Limit = 25
                point3f physics:localPos0 = (0, 0, 0.0046357475)
                point3f physics:localPos1 = (0, 0, 0)
            }
        }

        def Xform "Leaves"
        {
            def Xform "Leaf_o0_r7_i0"
            {
                def Cylinder "Petiole"
                {
                    uniform token axis = "Z"
                    double height = 0.010366552
                    rel material:binding = </World/Plant_1/Materials/Leaf>
                    double radius = 0.0010709828
                    matrix4d xformOp:transform = ( (0.8870108331782215, -0.4617486132350344, 0, 0), (0.15792732687907524, 0.30337557229503614, 0.9396926207859085, 0), (-0.4339017645150883, -0.8335175344947352, 0.3420201433256687, 0), (-0.0022490326023687085, -0.004320351432125733, 0.11810534380041647, 1) )
                    uniform token[] xformOpOrder = ["xformOp:transform"]
                }

                def Cylinder "Rachis"
                {
                    uniform token axis = "Z"
                    double height = 0.026087927
                    rel material:binding = </World/Plant_1/Materials/Leaf>
                    double radius = 0.0006425896799999999
                    matrix4d xformOp:transform = ( (0.8870108331782215, -0.4617486132350344, 0, 0), (0.15792732687907524, 0.30337557229503614, 0.9396926207859085, 0), (-0.4339017645150883, -0.8335175344947352, 0.3420201433256687, 0), (-0.010157863983657825, -0.019513075160810783, 0.12433942686663776, 1) )
                    uniform token[] xformOpOrder = ["xformOp:transform"]
                }

                def Cylinder "Petiolule_0"
                {
                    uniform token axis = "Z"
                    double height = 0.01
                    rel material:binding = </World/Plant_1/Materials/Leaf>
                    double radius = 0.00042839311999999996
                    matrix4d xformOp:transform = ( (0.9118023859082873, 0.41062928421138534, -0, 0), (-0.09027533307317283, 0.20045639034942953, 0.9755345200486782, 0), (0.4005830416910861, -0.8894947029162807, 0.2198463103929542, 0), (-0.0024951499962819865, -0.01308817637883287, 0.12097736015279774, 1) )
                    uniform token[] xformOpOrder = ["xformOp:transform"]
                }

                def Mesh "Blade_0"
                {
                    int[] faceVertexCounts = [3, 3]
                    int[] faceVertexIndices = [0, 1, 2, 0, 2, 3]
                    rel material:binding = </World/Plant_1/Materials/Leaf>
                    point3f[] points = [(-0.00044387297, 0, 0), (0.00044387297, 0, 0), (0.00044387297, 0.0014795765, 0), (-0.00044387297, 0.0014795765, 0)]
                    uniform token subdivisionScheme = "none"
                    matrix4d xformOp:transform = ( (-0.9118023859082873, -0.41062928421138534, 0, 0), (0.4005830416910861, -0.8894947029162807, 0.2198463103929542, 0), (-0.09027533307317283, 0.20045639034942953, 0.9755345200486782, 0), (-0.000492234787826556, -0.017535649893414273, 0.12207659170476251, 1) )
                    uniform token[] xformOpOrder = ["xformOp:transform"]
                }

                def Cylinder "Petiolule_1"
                {
                    uniform token axis = "Z"
                    double height = 0.01
                    rel material:binding = </World/Plant_1/Materials/Leaf>
                    double radius = 0.00042839311999999996
                    matrix4d xformOp:transform = ( (0.186620545558974, -0.9824320699037012, 0, 0), (0.21598406578004156, 0.04102783838466065, 0.9755345200486784, 0), (-0.9583963977939367, -0.1820547843430962, 0.2198463103929542, 0), (-0.009290047193707102, -0.009550976785966947, 0.12097736015279774, 1) )
                    uniform token[] xformOpOrder = ["xformOp:transform"]
                }

                def Mesh "Blade_1"
                {
                    int[] faceVertexCounts = [3, 3]
                    int[] faceVertexIndices = [0, 1, 2, 0, 2, 3]
                    rel material:binding = </World/Plant_1/Materials/Leaf>
                    point3f[] points = [(-0.00044387297, 0, 0), (0.00044387297, 0, 0), (0.00044387297, 0.0014795765, 0), (-0.00044387297, 0.0014795765, 0)]
                    uniform token subdivisionScheme = "none"
                    matrix4d xformOp:transform = ( (-0.186620545558974, 0.9824320699037012, 0, 0), (-0.9583963977939367, -0.1820547843430962, 0.2198463103929542, 0), (0.21598406578004156, 0.04102783838466065, 0.9755345200486784, 0), (-0.014082029182676785, -0.010461250707682428, 0.12207659170476251, 1) )
                    uniform token[] xformOpOrder = ["xformOp:transform"]
                }

                def Cylinder "Petiolule_2"
                {
                    uniform token axis = "Z"
                    double height = 0.01
                    rel material:binding = </World/Plant_1/Materials/Leaf>
                    double radius = 0.00042839311999999996
                    matrix4d xformOp:transform = ( (0.9118023859082873, 0.41062928421138534, -0, 0), (-0.09027533307317283, 0.20045639034942953, 0.9755345200486782, 0), (0.4005830416910861, -0.8894947029162807, 0.2198463103929542, 0), (-0.0053159358215557565, -0.018506855533197385, 0.12320082558011476, 1) )
                    uniform token[] xformOpOrder = ["xformOp:transform"]
                }

                def Mesh "Blade_2"
                {
                    int[] faceVertexCounts = [3, 3]
                    int[] faceVertexIndices = [0, 1, 2, 0, 2, 3]
                    rel material:binding = </World/Plant_1/Materials/Leaf>
                    point3f[] points = [(-0.00044387297, 0, 0), (0.00044387297, 0, 0), (0.00044387297, 0.0014795765, 0), (-0.00044387297, 0.0014795765, 0)]
                    uniform token subdivisionScheme = "none"
                    matrix4d xformOp:transform = ( (-0.9118023859082873, -0.41062928421138534, 0, 0), (0.4005830416910861, -0.8894947029162807, 0.2198463103929542, 0), (-0.09027533307317283, 0.20045639034942953, 0.9755345200486782, 0), (-0.0033130206131003256, -0.02295432904777879, 0.12430005713207953, 1) )
                    uniform token[] xformOpOrder = ["xformOp:transform"]
                }

                def Cylinder "Petiolule_3"
                {
                    uniform token axis = "Z"
                    double height = 0.01
                    rel material:binding = </World/Plant_1/Materials/Leaf>
                    double radius = 0.00042839311999999996
                    matrix4d xformOp:transform = ( (0.186620545558974, -0.9824320699037012, 0, 0), (0.21598406578004156, 0.04102783838466065, 0.9755345200486784, 0), (-0.9583963977939367, -0.1820547843430962, 0.2198463103929542, 0), (-0.01211083301898087, -0.014969655940331462, 0.12320082558011476, 1) )
                    uniform token[] xformOpOrder = ["xformOp:transform"]
                }

                def Mesh "Blade_3"
                {
                    int[] faceVertexCounts = [3, 3]
                    int[] faceVertexIndices = [0, 1, 2, 0, 2, 3]
                    rel material:binding = </World/Plant_1/Materials/Leaf>
                    point3f[] points = [(-0.00044387297, 0, 0), (0.00044387297, 0, 0), (0.00044387297, 0.0014795765, 0), (-0.00044387297, 0.0014795765, 0)]
                    uniform token subdivisionScheme = "none"
                    matrix4d xformOp:transform = ( (-0.186620545558974, 0.9824320699037012, 0, 0), (-0.9583963977939367, -0.1820547843430962, 0.2198463103929542, 0), (0.21598406578004156, 0.04102783838466065, 0.9755345200486784, 0), (-0.016902815007950555, -0.015879929862046942, 0.12430005713207953, 1) )
                    uniform token[] xformOpOrder = ["xformOp:transform"]
                }

                def Cylinder "Petiolule_4"
                {
                    uniform token axis = "Z"
                    double height = 0.01
                    rel material:binding = </World/Plant_1/Materials/Leaf>
                    double radius = 0.00042839311999999996
                    matrix4d xformOp:transform = ( (0.9118023859082873, 0.41062928421138534, -0, 0), (-0.09027533307317283, 0.20045639034942953, 0.9755345200486782, 0), (0.4005830416910861, -0.8894947029162807, 0.2198463103929542, 0), (-0.008136721646829525, -0.0239255346875619, 0.12542429100743177, 1) )
                    uniform token[] xformOpOrder = ["xformOp:transform"]
                }

                def Mesh "Blade_4"
                {
                    int[] faceVertexCounts = [3, 3]
                    int[] faceVertexIndices = [0, 1, 2, 0, 2, 3]
                    rel material:binding = </World/Plant_1/Materials/Leaf>
                    point3f[] points = [(-0.00044387297, 0, 0), (0.00044387297, 0, 0), (0.00044387297, 0.0014795765, 0), (-0.00044387297, 0.0014795765, 0)]
                    uniform token subdivisionScheme = "none"
                    matrix4d xformOp:transform = ( (-0.9118023859082873, -0.41062928421138534, 0, 0), (0.4005830416910861, -0.8894947029162807, 0.2198463103929542, 0), (-0.09027533307317283, 0.20045639034942953, 0.9755345200486782, 0), (-0.006133806438374095, -0.028373008202143304, 0.12652352255939653, 1) )
                    uniform token[] xformOpOrder = ["xformOp:transform"]
                }

                def Cylinder "Petiolule_5"
                {
                    uniform token axis = "Z"
                    double height = 0.01
                    rel material:binding = </World/Plant_1/Materials/Leaf>
                    double radius = 0.00042839311999999996
                    matrix4d xformOp:transform = ( (0.186620545558974, -0.9824320699037012, 0, 0), (0.21598406578004156, 0.04102783838466065, 0.9755345200486784, 0), (-0.9583963977939367, -0.1820547843430962, 0.2198463103929542, 0), (-0.014931618844254639, -0.020388335094695977, 0.12542429100743177, 1) )
                    uniform token[] xformOpOrder = ["xformOp:transform"]
                }

                def Mesh "Blade_5"
                {
                    int[] faceVertexCounts = [3, 3]
                    int[] faceVertexIndices = [0, 1, 2, 0, 2, 3]
                    rel material:binding = </World/Plant_1/Materials/Leaf>
                    point3f[] points = [(-0.00044387297, 0, 0), (0.00044387297, 0, 0), (0.00044387297, 0.0014795765, 0), (-0.00044387297, 0.0014795765, 0)]
                    uniform token subdivisionScheme = "none"
                    matrix4d xformOp:transform = ( (-0.186620545558974, 0.9824320699037012, 0, 0), (-0.9583963977939367, -0.1820547843430962, 0.2198463103929542, 0), (0.21598406578004156, 0.04102783838466065, 0.9755345200486784, 0), (-0.019723600833224324, -0.02129860901641146, 0.12652352255939653, 1) )
                    uniform token[] xformOpOrder = ["xformOp:transform"]
                }

                def Mesh "Blade_6"
                {
                    int[] faceVertexCounts = [3, 3]
                    int[] faceVertexIndices = [0, 1, 2, 0, 2, 3]
                    rel material:binding = </World/Plant_1/Materials/Leaf>
                    point3f[] points = [(-0.00044395064, 0, 0), (0.00044395064, 0, 0), (0.00044395064, 0.0014798355, 0), (-0.00044395064, 0.0014798355, 0)]
                    uniform token subdivisionScheme = "none"
                    matrix4d xformOp:transform = ( (-0.8870108331782215, 0.4617486132350344, 0, 0), (-0.4339017645150883, -0.8335175344947352, 0.3420201433256687, 0), (0.15792732687907524, 0.30337557229503614, 0.9396926207859085, 0), (-0.013912836041231894, -0.026726309370686707, 0.12729925829933686, 1) )
                    uniform token[] xformOpOrder = ["xformOp:transform"]
                }
            }

            def Xform "Leaf_o1_r1_i0"
            {
                def Cylinder "Petiole"
                {
                    uniform token axis = "Z"
                    double height = 0.013870643
                    rel material:binding = </World/Plant_1/Materials/Leaf>
                    double radius = 0.00135326675
                    matrix4d xformOp:transform = ( (1, -1.8369701987210297e-16, 0, 0), (6.282808106515487e-17, 0.3420201433256687, 0.9396926207859084, 0), (-1.7261873403417754e-16, -0.9396926207859084, 0.3420201433256687, 0), (-1.1971664174500133e-18, -0.006517070436327857, 0.02954189865343959, 1) )
                    uniform token[] xformOpOrder = ["xformOp:transform"]
                }

                def Cylinder "Rachis"
                {
                    uniform token axis = "Z"
                    double height = 0.025438692
                    rel material:binding = </World/Plant_1/Materials/Leaf>
                    double radius = 0.0008119600499999999
                    matrix4d xformOp:transform = ( (1, -1.8369701987210297e-16, 0, 0), (6.282808106515487e-17, 0.3420201433256687, 0.9396926207859084, 0), (-1.7261873403417754e-16, -0.9396926207859084, 0.3420201433256687, 0), (-4.589930239162706e-18, -0.024986416450078475, 0.036264190848807956, 1) )
                    uniform token[] xformOpOrder = ["xformOp:transform"]
                }

                def Cylinder "Petiolule_0"
                {
                    uniform token axis = "Z"
                    double height = 0.01
                    rel material:binding = </World/Plant_1/Materials/Leaf>
                    double radius = 0.0005413067
                    matrix4d xformOp:transform = ( (0.6191710914800983, 0.7852561107532648, -0, 0), (-0.17263565866262628, 0.1361224799638779, 0.9755345200486781, 0), (0.7660444431189779, -0.6040227735550538, 0.2198463103929542, 0), (0.003830222215594887, -0.016054254740430984, 0.03301314985884396, 1) )
                    uniform token[] xformOpOrder = ["xformOp:transform"]
                }

                def Mesh "Blade_0"
                {
                    int[] faceVertexCounts = [3, 3]
                    int[] faceVertexIndices = [0, 1, 2, 0, 2, 3]
                    rel material:binding = </World/Plant_1/Materials/Leaf>
                    point3f[] points = [(-0.0012058566, 0, 0), (0.0012058566, 0, 0), (0.0012058566, 0.0040195216, 0), (-0.0012058566, 0.0040195216, 0)]
                    uniform token subdivisionScheme = "none"
                    matrix4d xformOp:transform = ( (-0.6191710914800983, -0.7852561107532648, 0, 0), (0.7660444431189779, -0.6040227735550538, 0.2198463103929542, 0), (-0.17263565866262628, 0.1361224799638779, 0.9755345200486781, 0), (0.007660444431189776, -0.019074368608206254, 0.03411238141080873, 1) )
                    uniform token[] xformOpOrder = ["xformOp:transform"]
                }

                def Cylinder "Petiolule_1"
                {
                    uniform token axis = "Z"
                    double height = 0.01
                    rel material:binding = </World/Plant_1/Materials/Leaf>
                    double radius = 0.0005413067
                    matrix4d xformOp:transform = ( (0.6191710914800981, -0.7852561107532651, 0, 0), (0.1726356586626263, 0.13612247996387788, 0.9755345200486782, 0), (-0.7660444431189781, -0.6040227735550536, 0.2198463103929542, 0), (-0.0038302222155948934, -0.016054254740430984, 0.03301314985884396, 1) )
                    uniform token[] xformOpOrder = ["xformOp:transform"]
                }

                def Mesh "Blade_1"
                {
                    int[] faceVertexCounts = [3, 3]
                    int[] faceVertexIndices = [0, 1, 2, 0, 2, 3]
                    rel material:binding = </World/Plant_1/Materials/Leaf>
                    point3f[] points = [(-0.0012058566, 0, 0), (0.0012058566, 0, 0), (0.0012058566, 0.0040195216, 0), (-0.0012058566, 0.0040195216, 0)]
                    uniform token subdivisionScheme = "none"
                    matrix4d xformOp:transform = ( (-0.6191710914800981, 0.7852561107532651, 0, 0), (-0.7660444431189781, -0.6040227735550536, 0.2198463103929542, 0), (0.1726356586626263, 0.13612247996387788, 0.9755345200486782, 0), (-0.007660444431189784, -0.01907436860820625, 0.03411238141080873, 1) )
                    uniform token[] xformOpOrder = ["xformOp:transform"]
                }

                def Cylinder "Petiolule_2"
                {
                    uniform token axis = "Z"
                    double height = 0.01
                    rel material:binding = </World/Plant_1/Materials/Leaf>
                    double radius = 0.0005413067
                    matrix4d xformOp:transform = ( (0.6191710914800983, 0.7852561107532648, -0, 0), (-0.17263565866262628, 0.1361224799638779, 0.9755345200486781, 0), (0.7660444431189779, -0.6040227735550538, 0.2198463103929542, 0), (0.0038302222155948847, -0.02832385887773742, 0.03747892055105295, 1) )
                    uniform token[] xformOpOrder = ["xformOp:transform"]
                }

                def Mesh "Blade_2"
                {
                    int[] faceVertexCounts = [3, 3]
                    int[] faceVertexIndices = [0, 1, 2, 0, 2, 3]
                    rel material:binding = </World/Plant_1/Materials/Leaf>
                    point3f[] points = [(-0.0012058566, 0, 0), (0.0012058566, 0, 0), (0.0012058566, 0.0040195216, 0), (-0.0012058566, 0.0040195216, 0)]
                    uniform token subdivisionScheme = "none"
                    matrix4d xformOp:transform = ( (-0.6191710914800983, -0.7852561107532648, 0, 0), (0.7660444431189779, -0.6040227735550538, 0.2198463103929542, 0), (-0.17263565866262628, 0.1361224799638779, 0.9755345200486781, 0), (0.007660444431189775, -0.03134397274551269, 0.038578152103017724, 1) )
                    uniform token[] xformOpOrder = ["xformOp:transform"]
                }

                def Cylinder "Petiolule_3"
                {
                    uniform token axis = "Z"
                    double height = 0.01
                    rel material:binding = </World/Plant_1/Materials/Leaf>
                    double radius = 0.0005413067
                    matrix4d xformOp:transform = ( (0.6191710914800981, -0.7852561107532651, 0, 0), (0.1726356586626263, 0.13612247996387788, 0.9755345200486782, 0), (-0.7660444431189781, -0.6040227735550536, 0.2198463103929542, 0), (-0.0038302222155948955, -0.02832385887773742, 0.03747892055105295, 1) )
                    uniform token[] xformOpOrder = ["xformOp:transform"]
                }

                def Mesh "Blade_3"
                {
                    int[] faceVertexCounts = [3, 3]
                    int[] faceVertexIndices = [0, 1, 2, 0, 2, 3]
                    rel material:binding = </World/Plant_1/Materials/Leaf>
                    point3f[] points = [(-0.0012058566, 0, 0), (0.0012058566, 0, 0), (0.0012058566, 0.0040195216, 0), (-0.0012058566, 0.0040195216, 0)]
                    uniform token subdivisionScheme = "none"
                    matrix4d xformOp:transform = ( (-0.6191710914800981, 0.7852561107532651, 0, 0), (-0.7660444431189781, -0.6040227735550536, 0.2198463103929542, 0), (0.1726356586626263, 0.13612247996387788, 0.9755345200486782, 0), (-0.007660444431189786, -0.03134397274551269, 0.038578152103017724, 1) )
                    uniform token[] xformOpOrder = ["xformOp:transform"]
                }

                def Mesh "Blade_4"
                {
                    int[] faceVertexCounts = [3, 3]
                    int[] faceVertexIndices = [0, 1, 2, 0, 2, 3]
                    rel material:binding = </World/Plant_1/Materials/Leaf>
                    point3f[] points = [(-0.0012058566, 0, 0), (0.0012058566, 0, 0), (0.0012058566, 0.0040195216, 0), (-0.0012058566, 0.0040195216, 0)]
                    uniform token subdivisionScheme = "none"
                    matrix4d xformOp:transform = ( (-1, 1.8369701987210297e-16, 0, 0), (-1.7261873403417754e-16, -0.9396926207859084, 0.3420201433256687, 0), (6.282808106515487e-17, 0.3420201433256687, 0.9396926207859084, 0), (-6.843819954196324e-18, -0.03725602058738491, 0.04072996154101695, 1) )
                    uniform token[] xformOpOrder = ["xformOp:transform"]
                }
            }

            def Xform "Leaf_o0_r6_i0"
            {
                def Cylinder "Petiole"
                {
                    uniform token axis = "Z"
                    double height = 0.021499056
                    rel material:binding = </World/Plant_1/Materials/Leaf>
                    double radius = 0.0019243781
                    matrix4d xformOp:transform = ( (-0.9659258262890683, -0.25881904510252085, 0, 0), (0.0885213269013769, -0.33036608954935215, 0.9396926207859085, 0), (-0.24321034680169407, 0.9076733711903687, 0.3420201433256687, 0), (-0.0026143964328345206, 0.00975706031846526, 0.10706059910724328, 1) )
                    uniform token[] xformOpOrder = ["xformOp:transform"]
                }

                def Cylinder "Rachis"
                {
                    uniform token axis = "Z"
                    double height = 0.071747825
                    rel material:binding = </World/Plant_1/Materials/Leaf>
                    double radius = 0.00115462686
                    matrix4d xformOp:transform = ( (-0.9659258262890683, -0.25881904510252085, 0, 0), (0.0885213269013769, -0.33036608954935215, 0.9396926207859085, 0), (-0.24321034680169407, 0.9076733711903687, 0.3420201433256687, 0), (-0.01395369956592767, 0.052075915733593825, 0.12300675490938906, 1) )
                    uniform token[] xformOpOrder = ["xformOp:transform"]
                }

                def Cylinder "Petiolule_0"
                {
                    uniform token axis = "Z"
                    double height = 0.01
                    rel material:binding = </World/Plant_1/Materials/Leaf>
                    double radius = 0.0007697512400000001
                    matrix4d xformOp:transform = ( (-0.3948341114061387, -0.9187524282798522, 0, 0), (0.20198433152189277, -0.08680282260992023, 0.9755345200486782, 0), (-0.8962747091655432, 0.38517430536943387, 0.2198463103929542, 0), (-0.009710166411496756, 0.02143999216377769, 0.11183638576645133, 1) )
                    uniform token[] xformOpOrder = ["xformOp:transform"]
                }

                def Mesh "Blade_0"
                {
                    int[] faceVertexCounts = [3, 3]
                    int[] faceVertexIndices = [0, 1, 2, 0, 2, 3]
                    rel material:binding = </World/Plant_1/Materials/Leaf>
                    point3f[] points = [(-0.0035600828, 0, 0), (0.0035600828, 0, 0), (0.0035600828, 0.011866942, 0), (-0.0035600828, 0.011866942, 0)]
                    uniform token subdivisionScheme = "none"
                    matrix4d xformOp:transform = ( (0.3948341114061387, 0.9187524282798522, -0, 0), (-0.8962747091655432, 0.38517430536943387, 0.2198463103929542, 0), (0.20198433152189277, -0.08680282260992023, 0.9755345200486782, 0), (-0.014191539957324473, 0.02336586369062486, 0.1129356173184161, 1) )
